          Q2           xp         beta           mx   iData         Data       ErrTot       Theory        Ratio         Pull      PullUnc 
          12       0.0003         0.67      2.43114       0      0.06314   0.00422849    0.0617427      1.02263     0.330438      1.15201 
          12        0.001          0.2       6.9282       1      0.03227   0.00177925    0.0307842      1.04827     0.835078      2.55401 
          12        0.001         0.32      5.04975       2       0.0365   0.00200318    0.0360967      1.01117      0.20132      0.56904 
          12        0.001          0.5       3.4641       3      0.04438   0.00249596    0.0442642      1.00262    0.0463924     0.114418 
          15        0.001          0.2      7.74597       4      0.04107   0.00543786    0.0313175      1.31141      1.79345      2.01434 
          15        0.001         0.32      5.64579       5       0.0384    0.0020853    0.0372868      1.02986     0.533834      1.62822 
          15        0.001          0.5      3.87298       6      0.04522   0.00252666    0.0448534      1.00817     0.145108     0.381364 
          20        0.001         0.32       6.5192       7      0.03892   0.00213316    0.0383277      1.01545     0.277647     0.792192 
          20        0.001          0.5      4.47214       8      0.04528   0.00251538    0.0454239     0.996833   -0.0571895    -0.154106 
          20        0.001          0.8      2.23607       9       0.0451   0.00283987    0.0448237      1.00617    0.0973098     0.228039 
          25        0.001         0.32      7.28869      10      0.05186    0.0128154    0.0385485      1.34532      1.03871      1.07211 
          25        0.001          0.5            5      11      0.04764   0.00268353    0.0456756      1.04301     0.732013      2.00013 
          25        0.001          0.8          2.5      12      0.04499   0.00278502    0.0433043      1.03893     0.605258      1.39439 
          35        0.001          0.5      5.91608      13      0.04718    0.0028087    0.0456602      1.03329     0.541122      1.23083 
          35        0.001          0.8      2.95804      14      0.04344   0.00278897    0.0411254      1.05628     0.829927      1.75195 
          45        0.001          0.8       3.3541      15      0.04048   0.00285463    0.0395755      1.02285     0.316853     0.607685 
          12        0.003        0.067      12.9269      16      0.02712   0.00155509    0.0275893      0.98299    -0.301779    -0.751652 
          12        0.003         0.11      9.85347      17      0.02698   0.00150678    0.0269724      1.00028   0.00504783    0.0126966 
          12        0.003         0.17       7.6543      18      0.02655   0.00147227    0.0266384     0.996683   -0.0600194    -0.149896 
          12        0.003         0.27        5.696      19      0.02751    0.0015435    0.0284563     0.966745    -0.613089     -1.50848 
          12        0.003         0.43      3.98836      20      0.03388   0.00191624     0.033787      1.00275    0.0485292     0.117145 
          12        0.003         0.67      2.43114      21      0.04193   0.00242361    0.0406944      1.03036     0.509832      1.12268 
          15        0.003        0.067      14.4527      22      0.03764    0.0058291    0.0283425      1.32804      1.59502      1.74207 
          15        0.003         0.11      11.0165      23       0.0278    0.0015568    0.0286945     0.968826    -0.574595     -1.54634 
          15        0.003         0.17      8.55776      24      0.02732   0.00151053     0.028306     0.965166    -0.652763     -1.75069 
          15        0.003         0.27      6.36832      25      0.02903    0.0015762    0.0298335     0.973066    -0.509794     -1.34265 
          15        0.003         0.43      4.45912      26      0.03449    0.0018957    0.0346206     0.996229   -0.0688752    -0.171897 
          15        0.003         0.67       2.7181      27      0.04031   0.00229023    0.0401939      1.00289    0.0506967     0.115959 
          20        0.003         0.11      12.7208      28      0.02754   0.00157364    0.0302797      0.90952     -1.74101     -4.36256 
          20        0.003         0.17      9.88165      29      0.02996   0.00165378    0.0302172     0.991488    -0.155533    -0.429269 
          20        0.003         0.27      7.35351      30      0.03194   0.00170842    0.0314665      1.01505     0.277167     0.771768 
          20        0.003         0.43      5.14894      31      0.03618   0.00196608     0.035573      1.01706     0.308712     0.813751 
          20        0.003         0.67      3.13859      32      0.03927   0.00223667    0.0395007     0.994158    -0.103167    -0.243986 
          25        0.003         0.11      14.2223      33      0.03645   0.00775255    0.0306752      1.18825     0.744884     0.785026 
          25        0.003         0.17       11.048      34      0.03156   0.00171676    0.0314105      1.00476    0.0870571     0.229711 
          25        0.003         0.27      8.22147      35      0.03205   0.00172981    0.0325883     0.983482    -0.311179    -0.874314 
          25        0.003         0.43      5.75669      36      0.03706   0.00200364    0.0362023      1.02369     0.428081       1.1572 
          25        0.003         0.67      3.50905      37      0.03909   0.00225268    0.0389549      1.00347    0.0599815     0.143528 
          35        0.003         0.17      13.0722      38      0.03132   0.00179729    0.0323916     0.966917    -0.596233     -1.42068 
          35        0.003         0.27      9.72778      39       0.0333   0.00178178    0.0339865       0.9798     -0.38531     -1.03084 
          35        0.003         0.43      6.81141      40      0.03691   0.00201692    0.0369918     0.997788   -0.0405787    -0.103612 
          35        0.003         0.67      4.15196      41      0.03975   0.00237371    0.0381189      1.04279     0.687167        1.652 
          45        0.003         0.27      11.0303      42      0.03306   0.00184337    0.0346962     0.952841    -0.887631     -2.04453 
          45        0.003         0.43      7.72342      43      0.03872   0.00213522    0.0374451      1.03405     0.597076       1.4523 
          45        0.003         0.67      4.70788      44      0.03844    0.0023571    0.0374863      1.02544      0.40462       0.8761 
          60        0.003         0.43      8.91823      45      0.03776   0.00214967    0.0377888     0.999237   -0.0134043   -0.0283605 
          60        0.003         0.67       5.4362      46      0.03728   0.00233559    0.0367541      1.01431     0.225183     0.452971 
          90        0.003         0.67      6.65795      47      0.03532   0.00279854    0.0356991      0.98938    -0.135477    -0.202499 
          12         0.01         0.02      24.2487      48      0.03014   0.00194421    0.0319375     0.943719    -0.924533     -1.55813 
          12         0.01        0.032      19.0526      49      0.02966   0.00188288    0.0298762     0.992762    -0.114841    -0.195966 
          12         0.01         0.05      15.0997      50      0.02732    0.0017153    0.0269677      1.01306     0.205394     0.354273 
          12         0.01         0.08      11.7473      51      0.02545   0.00159322    0.0241992      1.05169     0.785093      1.35021 
          12         0.01         0.13      8.96146      52      0.02165   0.00136807    0.0225914     0.958329    -0.688121     -1.16882 
          12         0.01          0.2       6.9282      53      0.02283   0.00150609    0.0224275      1.01795      0.26725     0.419653 
          12         0.01         0.32      5.04975      54       0.0242   0.00173786    0.0245907      0.98411    -0.224845    -0.317825 
          15         0.01         0.02      27.1109      55      0.03639   0.00584544    0.0332291      1.09512     0.540744     0.600934 
          15         0.01        0.032      21.3014      56      0.03226   0.00198524    0.0322825     0.999303   -0.0113365   -0.0216639 
          15         0.01         0.05      16.8819      57      0.03067   0.00186281    0.0293041      1.04661     0.733274      1.41835 
          15         0.01         0.08      13.1339      58      0.02573   0.00156213    0.0261846     0.982637    -0.291033    -0.558752 
          15         0.01         0.13      10.0192      59      0.02381   0.00142064    0.0242225     0.982972    -0.290338    -0.577442 
          15         0.01          0.2      7.74597      60      0.02299   0.00138284     0.023762     0.967511    -0.558273     -1.09701 
          15         0.01         0.32      5.64579      61      0.02456   0.00148563    0.0255843     0.959965    -0.689454     -1.27139 
          20         0.01        0.032      24.5967      62      0.03445   0.00225325    0.0345358     0.997517   -0.0380584   -0.0627037 
          20         0.01         0.05      19.4936      63      0.03209   0.00200479    0.0320562      1.00105    0.0168588    0.0313457 
          20         0.01         0.08      15.1658      64      0.02971   0.00185348    0.0286408      1.03733     0.576839      1.02819 
          20         0.01         0.13      11.5692      65      0.02658   0.00159878    0.0262499      1.01257     0.206464     0.392715 
          20         0.01          0.2      8.94427      66      0.02542   0.00156328    0.0253988      1.00083    0.0135612    0.0246465 
          20         0.01         0.32       6.5192      67      0.02663   0.00158129    0.0267711     0.994731   -0.0892053     -0.17521 
          20         0.01          0.5      4.47214      68       0.0287   0.00179576    0.0303456     0.945771    -0.916383      -1.5752 
          25         0.01        0.032         27.5      69      0.03306   0.00700256    0.0351148     0.941484    -0.293432     -0.31398 
          25         0.01         0.05      21.7945      70      0.03307   0.00205513    0.0338298     0.977541    -0.369703    -0.713459 
          25         0.01         0.08      16.9558      71      0.03202   0.00196734    0.0304245      1.05244     0.810982      1.57569 
          25         0.01         0.13      12.9347      72      0.02889   0.00176584    0.0277503      1.04107     0.645413      1.22504 
          25         0.01          0.2           10      73      0.02686   0.00160891    0.0265931      1.01003     0.165861     0.334721 
          25         0.01         0.32      7.28869      74      0.02769   0.00168773    0.0276071        1.003    0.0491303    0.0946954 
          25         0.01          0.5            5      75      0.03028   0.00186216    0.0306249     0.988739    -0.185195    -0.336579 
          25         0.01          0.8          2.5      76      0.02928   0.00259966    0.0285476      1.02565     0.281718     0.359755 
          35         0.01         0.05      25.7876      77      0.03551   0.00235279    0.0353135      1.00557    0.0835378     0.138374 
          35         0.01         0.08      20.0624      78      0.03243   0.00208765    0.0327576     0.989998    -0.156946    -0.263963 
          35         0.01         0.13      15.3046      79      0.03161   0.00190816    0.0298599      1.05861     0.917161      1.76407 
          35         0.01          0.2      11.8322      80      0.02963   0.00178298    0.0282772      1.04784     0.758754      1.39385 
          35         0.01         0.32      8.62409      81      0.02729   0.00173908    0.0287513     0.949176    -0.840252     -1.65011 
          35         0.01          0.5      5.91608      82      0.03171   0.00195602    0.0309536      1.02444     0.386712     0.671749 
          35         0.01          0.8      2.95804      83       0.0284   0.00194224    0.0271274      1.04691     0.655213      1.04179 
          45         0.01         0.08      22.7486      84      0.03368    0.0022267    0.0339922     0.990817     -0.14019    -0.222707 
          45         0.01         0.13      17.3538      85      0.03212   0.00196694    0.0312612      1.02747     0.436604     0.790133 
          45         0.01          0.2      13.4164      86      0.02994   0.00183808    0.0294296      1.01734     0.277704     0.499497 
          45         0.01         0.32       9.7788      87       0.0291   0.00183168    0.0295136     0.985987    -0.225795    -0.426974 
          45         0.01          0.5       6.7082      88      0.03255   0.00203144    0.0311313      1.04557     0.698358      1.18142 
          45         0.01          0.8       3.3541      89      0.02606   0.00181019    0.0261292     0.997352   -0.0382275   -0.0590812 
          60         0.01         0.13      20.0384      90      0.03316   0.00216228    0.0325702      1.01811     0.272778     0.435912 
          60         0.01          0.2      15.4919      91      0.03013    0.0018683    0.0306128     0.984228    -0.258426    -0.481409 
          60         0.01         0.32      11.2916      92      0.03138   0.00191238    0.0302916      1.03593     0.569129      1.04198 
          60         0.01          0.5      7.74597      93      0.03225   0.00210714    0.0312689      1.03138     0.465619     0.843767 
          60         0.01          0.8      3.87298      94      0.02516   0.00168685    0.0250501      1.00439    0.0651315     0.110808 
          90         0.01          0.2      18.9737      95      0.03061   0.00225353    0.0319267      0.95876    -0.584271    -0.846681 
          90         0.01         0.32      13.8293      96      0.03095    0.0020427    0.0312127     0.991583    -0.128618    -0.197361 
          90         0.01          0.5      9.48683      97      0.03039   0.00196222    0.0313553     0.969214    -0.491948    -0.822891 
          90         0.01          0.8      4.74342      98      0.02396   0.00165965    0.0236375      1.01364     0.194323     0.310026 
         200         0.01         0.32      20.6155      99       0.0321   0.00374182    0.0321374     0.998835   -0.0100057   -0.0170856 
         200         0.01          0.5      14.1421     100       0.0315   0.00365481    0.0311954      1.00976    0.0833345     0.150912 
         200         0.01          0.8      7.07107     101       0.0211   0.00261938    0.0211842     0.996025   -0.0321503   -0.0459728 
         400         0.01          0.8           10     102       0.0196   0.00335813    0.0193633      1.01223    0.0704996    0.0876642 
          12         0.03       0.0067      42.1787     103      0.03331   0.00767562    0.0402491     0.827596    -0.904042    -0.950048 
          12         0.03        0.011      32.8468     104      0.03641   0.00650038    0.0381229     0.955068    -0.263515    -0.281758 
          12         0.03        0.017      26.3416     105      0.03224   0.00582296    0.0349506     0.922444    -0.465509    -0.516891 
          12         0.03        0.027      20.7953     106      0.03637   0.00648305    0.0314229      1.15744     0.763082     0.843698 
          12         0.03        0.043      16.3423     107      0.02906   0.00547185    0.0280842      1.03475     0.178332     0.191477 
          12         0.03        0.067      12.9269     108      0.02413   0.00451985    0.0252798     0.954517    -0.254387     -0.27129 
          15         0.03       0.0067      47.1572     109      0.04792   0.00997542    0.0421842      1.13597     0.574993     0.616912 
          15         0.03        0.011      36.7238     110      0.03531   0.00553455    0.0413924     0.853055     -1.09899     -1.26136 
          15         0.03        0.017      29.4509     111      0.03527   0.00516293    0.0381154     0.925348    -0.551118    -0.641933 
          15         0.03        0.027      23.2499     112      0.03085   0.00465263    0.0341617     0.903059    -0.711782    -0.807645 
          15         0.03        0.043      18.2712     113      0.02592    0.0040625    0.0303547     0.853903     -1.09162     -1.27575 
          15         0.03        0.067      14.4527     114      0.02366   0.00354971    0.0271411      0.87174    -0.980675      -1.1138 
          15         0.03         0.11      11.0165     115      0.02278   0.00357486    0.0244634     0.931189    -0.470887    -0.538186 
          20         0.03        0.011       42.405     116      0.03178   0.00561068    0.0446753     0.711355     -2.29835     -2.59299 
          20         0.03        0.017      34.0069     117      0.03851   0.00609639    0.0419269     0.918504    -0.560472    -0.633163 
          20         0.03        0.027      26.8466     118      0.03118   0.00456071    0.0376063     0.829115     -1.40907     -1.58895 
          20         0.03        0.043      21.0978     119      0.02917   0.00425242    0.0332334     0.877732    -0.955548     -1.08076 
          20         0.03        0.067      16.6885     120      0.02773   0.00405503    0.0294941     0.940187    -0.435049    -0.492043 
          20         0.03         0.11      12.7208     121      0.02288   0.00347535    0.0263255     0.869118    -0.991419     -1.12129 
          25         0.03        0.011      47.4102     122      0.03729     0.010915    0.0458592     0.813142    -0.785079    -0.820016 
          25         0.03        0.017      38.0209     123      0.03875   0.00622405    0.0444726     0.871323    -0.919433       -1.037 
          25         0.03        0.027      30.0154     124      0.03755    0.0055664    0.0401601     0.935008    -0.468898     -0.52968 
          25         0.03        0.043       23.588     125      0.02978   0.00430895    0.0354153     0.840879     -1.30782     -1.44604 
          25         0.03        0.067      18.6584     126      0.02655   0.00418405    0.0312786     0.848824     -1.13014     -1.29473 
          25         0.03         0.11      14.2223     127      0.02491    0.0037591    0.0277238     0.898505     -0.74854     -0.86403 
          25         0.03         0.17       11.048     128      0.02562     0.003895    0.0255349      1.00333    0.0218513    0.0251482 
          35         0.03        0.017      44.9869     129      0.05337    0.0108338    0.0468847      1.13832     0.598611     0.640832 
          35         0.03        0.027      35.5147     130      0.04213   0.00639252    0.0436194     0.965855    -0.232992    -0.256982 
          35         0.03        0.043      27.9097     131      0.04063   0.00618738    0.0385762      1.05324     0.331932     0.361606 
          35         0.03        0.067      22.0769     132      0.03063   0.00470467     0.033897     0.903619     -0.69442    -0.786122 
          35         0.03         0.11       16.828     133      0.02992   0.00459825    0.0297686      1.00509     0.032923     0.037728 
          35         0.03         0.17      13.0722     134      0.02493   0.00390741    0.0271094     0.919606    -0.557769    -0.632432 
          35         0.03         0.27      9.72778     135       0.0284   0.00442138    0.0259752      1.09335     0.548433     0.632108 
          45         0.03        0.027      40.2699     136      0.05064   0.00916318    0.0455664      1.11135     0.553697     0.590294 
          45         0.03        0.043      31.6467     137      0.04048   0.00628966    0.0407402     0.993614   -0.0413616   -0.0447537 
          45         0.03        0.067      25.0328     138      0.03804   0.00646311    0.0357575      1.06383     0.353154     0.390537 
          45         0.03         0.11      19.0812     139      0.02427    0.0039952    0.0312247     0.777269     -1.74077     -1.97058 
          45         0.03         0.17      14.8225     140      0.02521   0.00413698    0.0282173     0.893425     -0.72692     -0.83763 
          45         0.03         0.27      11.0303     141      0.02092   0.00342916     0.026732     0.782584     -1.69486     -1.91804 
          60         0.03        0.043      36.5424     142        0.039   0.00742097    0.0428211     0.910766    -0.514903     -0.55368 
          60         0.03        0.067      28.9054     143      0.03913   0.00632334    0.0377338        1.037     0.220798     0.241482 
          60         0.03         0.11       22.033     144      0.02613   0.00422006    0.0328026     0.796583     -1.58117     -1.74489 
          60         0.03         0.17      17.1155     145      0.02548    0.0043259    0.0294105     0.866358    -0.908593     -1.07568 
          60         0.03         0.27      12.7366     146      0.02165   0.00443614    0.0275278     0.786478     -1.32498       -1.489 
          60         0.03         0.43      8.91823     147      0.02698   0.00474403    0.0273741     0.985602   -0.0830784   -0.0990818 
          90         0.03        0.067      35.4017     148      0.03286    0.0130657    0.0400296     0.820893    -0.548732    -0.560132 
          90         0.03         0.11      26.9848     149      0.03379   0.00657396    0.0348198     0.970425     -0.15665    -0.164819 
          90         0.03         0.17      20.9622     150      0.03622   0.00621656    0.0309478      1.17036     0.848091     0.934734 
          90         0.03         0.27      15.5991     151      0.02668    0.0044977    0.0285283      0.93521    -0.410954    -0.448952 
          90         0.03         0.43      10.9226     152      0.03214    0.0056432     0.027705      1.16008     0.785896     0.854721 
          90         0.03         0.67      6.65795     153      0.02818   0.00735714    0.0248833      1.13249     0.448094     0.476593 
         200         0.03         0.11      40.2266     154       0.0361   0.00587732     0.037323     0.967232    -0.208085    -0.271499 
         200         0.03         0.17      31.2485     155       0.0331   0.00525217    0.0333264     0.993206   -0.0431104   -0.0565646 
         200         0.03         0.27      23.2538     156       0.0283   0.00434421    0.0300964     0.940312    -0.413517    -0.516058 
         200         0.03         0.43      16.2824     157       0.0309   0.00474765    0.0280883       1.1001     0.592236     0.734544 
         200         0.03         0.67      9.92509     158       0.0297   0.00505179    0.0235148      1.26304      1.22436      1.57405 
         400         0.03         0.27      32.8859     159       0.0322   0.00552584    0.0309103      1.04172     0.233396     0.297737 
         400         0.03         0.43      23.0268     160       0.0293   0.00466459    0.0281989      1.03905     0.236053     0.287532 
         400         0.03         0.67      14.0362     161       0.0289   0.00502204    0.0224146      1.28934      1.29139      1.64012 
         800         0.03         0.43      32.5648     162       0.0391   0.00797918    0.0280808      1.39241        1.381      1.64133 
         800         0.03         0.67      19.8502     163       0.0228   0.00502273    0.0214512      1.06288     0.268532     0.322546 
        1600         0.03         0.67      28.0724     164       0.0214   0.00702497     0.020708      1.03342    0.0985121     0.107698 
