          Q2           xp         beta           mx   iData         Data       ErrTot       Theory        Ratio         Pull      PullUnc 
        15.3         0.05       0.0056      52.1233       0     0.054145   0.00811453    0.0510986      1.05962     0.375422      0.79784 
        15.3        0.075       0.0056      52.1233       1     0.065416    0.0134549    0.0605296      1.08073     0.363168     0.746971 
        15.3        0.016       0.0178       29.056       2     0.038896   0.00488992    0.0361185       1.0769     0.568007      1.47211 
        15.3        0.025       0.0178       29.056       3     0.036244   0.00430694    0.0373171     0.971244    -0.249158    -0.664549 
        15.3        0.035       0.0178       29.056       4     0.036465     0.004779    0.0388308     0.939075     -0.49503     -1.11758 
        15.3         0.05       0.0178       29.056       5     0.038896   0.00488311    0.0422644     0.920302    -0.689807     -1.69935 
        15.3        0.075       0.0178       29.056       6     0.046631   0.00708055    0.0501827     0.929225    -0.501614     -1.08477 
        15.3         0.09       0.0178       29.056       7     0.051714     0.010362    0.0558126     0.926564    -0.395544    -0.782605 
        15.3       0.0085       0.0562      16.0294       8     0.029614   0.00462396    0.0290742      1.01857     0.116739     0.405061 
        15.3        0.016       0.0562      16.0294       9     0.026962   0.00309171    0.0278044     0.969701    -0.272485     -0.79881 
        15.3        0.025       0.0562      16.0294      10     0.024973   0.00287819    0.0279803      0.89252     -1.04487     -2.67014 
        15.3        0.035       0.0562      16.0294      11     0.026741   0.00376925    0.0292987     0.912702    -0.678575     -1.54271 
        15.3         0.05       0.0562      16.0294      12      0.03094   0.00415461     0.032521     0.951385    -0.380541    -0.880229 
        15.3        0.075       0.0562      16.0294      13     0.038454   0.00614687    0.0398387     0.965243    -0.225262    -0.465951 
        15.3         0.09       0.0562      16.0294      14     0.035802   0.00746547    0.0449817     0.795923     -1.22962     -2.41246 
        15.3       0.0025        0.178      8.40566      15     0.030056   0.00319415    0.0292268      1.02837     0.259595     0.802778 
        15.3       0.0085        0.178      8.40566      16     0.024531   0.00260699    0.0243373      1.00796    0.0742946      0.22975 
        15.3        0.016        0.178      8.40566      17     0.021658   0.00249406    0.0228011     0.949865    -0.458344     -1.33763 
        15.3        0.025        0.178      8.40566      18     0.021437   0.00308417    0.0226732     0.945476     -0.40083    -0.935253 
        15.3        0.035        0.178      8.40566      19     0.025857     0.010347    0.0234714      1.10164      0.23056     0.406947 
        15.3         0.05        0.178      8.40566      20     0.029614    0.0102513    0.0256574      1.15421     0.385963      0.69553 
        15.3       0.0009        0.562      3.45314      21      0.03978   0.00757963    0.0478785     0.830853     -1.06846     -2.15798 
        15.3       0.0025        0.562      3.45314      22     0.038233   0.00458334    0.0397647     0.961481    -0.334192      -1.5974 
        15.3       0.0085        0.562      3.45314      23     0.035802   0.00407577    0.0320352      1.11758     0.924194      3.15227 
        15.3        0.016        0.562      3.45314      24     0.033371    0.0128481    0.0290872      1.14727     0.333419     0.582891 
        15.3        0.035        0.562      3.45314      25     0.020774     0.010735     0.027107     0.766372    -0.589938     -1.05121 
        26.5        0.075       0.0056      68.5977      26     0.079339    0.0247778    0.0686656      1.15544     0.430765     0.791348 
        26.5        0.025       0.0178      38.2396      27     0.039559   0.00658084    0.0432623     0.914398    -0.562743     -1.15267 
        26.5        0.035       0.0178      38.2396      28     0.044642    0.0077914    0.0458764     0.973094    -0.158425    -0.321513 
        26.5         0.05       0.0178      38.2396      29      0.05525   0.00814596    0.0497063      1.11153     0.680547      1.47017 
        26.5        0.075       0.0178      38.2396      30     0.055029    0.0113724    0.0578784     0.950769    -0.250555    -0.504626 
        26.5       0.0085       0.0562      21.0957      31     0.034697   0.00653788    0.0334531      1.03718     0.190266     0.534442 
        26.5        0.016       0.0562      21.0957      32      0.03315   0.00408189    0.0328561      1.00895    0.0720102     0.179139 
        26.5        0.025       0.0562      21.0957      33     0.029614   0.00370329    0.0328838     0.900565    -0.882943     -1.99146 
        26.5        0.035       0.0562      21.0957      34     0.034697   0.00536178    0.0340449      1.01915     0.121621     0.253977 
        26.5         0.05       0.0562      21.0957      35     0.040664   0.00581978    0.0371325      1.09511     0.606815      1.35632 
        26.5        0.075       0.0562      21.0957      36     0.046631   0.00723472    0.0443929      1.05041     0.309349     0.630205 
        26.5         0.09       0.0562      21.0957      37     0.052377    0.0105271    0.0495587      1.05687     0.267717     0.531734 
        26.5       0.0025        0.178      11.0624      38     0.030498   0.00399163    0.0320697     0.950991    -0.393754    -0.951746 
        26.5       0.0085        0.178      11.0624      39     0.027846   0.00353567    0.0276325      1.00773    0.0603889     0.151428 
        26.5        0.016        0.178      11.0624      40     0.024973   0.00336228    0.0257781     0.968768    -0.239449    -0.586155 
        26.5        0.025        0.178      11.0624      41     0.020553   0.00294525    0.0254292     0.808245      -1.6556     -3.60753 
        26.5        0.035        0.178      11.0624      42       0.0221   0.00447234    0.0260716     0.847665    -0.888042     -1.83379 
        26.5         0.05        0.178      11.0624      43     0.023205    0.0120568    0.0281046     0.825665    -0.406377    -0.715027 
        26.5        0.075        0.178      11.0624      44     0.037349    0.0284064    0.0330893      1.12873     0.149954     0.262689 
        26.5       0.0009        0.562      4.54456      45     0.053261    0.0229803    0.0478955      1.11202     0.233482     0.416862 
        26.5       0.0025        0.562      4.54456      46     0.041769   0.00753627    0.0399998      1.04423     0.234755      1.14309 
        26.5       0.0085        0.562      4.54456      47      0.03094   0.00390641    0.0322247     0.960133    -0.328866    -0.961474 
        26.5        0.025        0.562      4.54456      48     0.030056    0.0181922    0.0277501       1.0831     0.126753     0.222778 
          46         0.05       0.0178      50.3812      49     0.069173    0.0131403    0.0558642      1.23823      1.01282      1.98222 
          46        0.075       0.0178      50.3812      50     0.048178    0.0166424    0.0651817     0.739134     -1.02171     -1.85756 
          46        0.016       0.0562       27.794      51     0.036023   0.00654281    0.0368405      0.97781    -0.124943    -0.257877 
          46        0.025       0.0562       27.794      52     0.038012   0.00665438    0.0373623      1.01739    0.0976292     0.198732 
          46        0.035       0.0562       27.794      53     0.034918   0.00590858    0.0385434      0.90594    -0.613584      -1.2225 
          46         0.05       0.0562       27.794      54     0.043979   0.00721376    0.0415882      1.05749     0.331424     0.693941 
          46        0.075       0.0562       27.794      55     0.046852    0.0081196    0.0488569     0.958963    -0.246925    -0.504319 
          46         0.09       0.0562       27.794      56     0.059007    0.0103727    0.0540725      1.09126     0.475726     0.907215 
          46       0.0085        0.178      14.5749      57     0.026741   0.00407298    0.0304669     0.877708    -0.914776     -2.07129 
          46        0.016        0.178      14.5749      58     0.029393   0.00405964    0.0284472      1.03325     0.232984     0.528588 
          46        0.025        0.178      14.5749      59     0.029835   0.00514288    0.0279217      1.06852     0.372033     0.754472 
          46        0.035        0.178      14.5749      60     0.028509    0.0045173    0.0284328      1.00268    0.0168706    0.0345509 
          46         0.05        0.178      14.5749      61     0.032708   0.00538064    0.0303363      1.07818     0.440777     0.912312 
          46        0.075        0.178      14.5749      62     0.044421   0.00927176    0.0351898      1.26233     0.995628      1.94625 
          46         0.09        0.178      14.5749      63     0.039117    0.0108588    0.0387238      1.01015    0.0362118    0.0735803 
          46       0.0025        0.562      5.98753      64     0.043316   0.00618707    0.0398726      1.08636     0.556553      1.52961 
          46       0.0085        0.562      5.98753      65     0.029835   0.00417978    0.0321613     0.927667    -0.556565     -1.50031 
          46        0.016        0.562      5.98753      66     0.027404    0.0041772    0.0291543     0.939965     -0.41901    -0.895674 
          46        0.025        0.562      5.98753      67     0.023426   0.00586235    0.0276448     0.847391    -0.719649     -1.38532 
          46        0.035        0.562      5.98753      68     0.029835   0.00835849    0.0270059      1.10476     0.338474     0.605821 
          46         0.05        0.562      5.98753      69      0.02652    0.0120667    0.0270196      0.98151   -0.0414024   -0.0717683 
          80        0.035       0.0562      36.6536      70     0.050167    0.0173923     0.042348      1.18464     0.449564      0.82031 
          80         0.05       0.0562      36.6536      71     0.051935    0.0143739    0.0456413      1.13789     0.437857     0.807895 
          80        0.075       0.0562      36.6536      72     0.047736    0.0206119    0.0530508     0.899817    -0.257851    -0.463906 
          80       0.0085        0.178      19.2208      73     0.045526    0.0127262    0.0324257      1.40401      1.02939      1.91836 
          80        0.016        0.178      19.2208      74     0.029393   0.00713548    0.0307207     0.956782    -0.186067     -0.34746 
          80        0.025        0.178      19.2208      75     0.032266   0.00729811    0.0301084      1.07166     0.295635     0.557238 
          80        0.035        0.178      19.2208      76     0.035802   0.00932475    0.0305193      1.17309     0.566523      1.05395 
          80         0.05        0.178      19.2208      77     0.032266   0.00896821    0.0323114     0.998595  -0.00506267  -0.00938099 
          80        0.075        0.178      19.2208      78     0.040443    0.0188444    0.0370422      1.09181     0.180466     0.323416 
          80       0.0085        0.562      7.89612      79     0.025636   0.00561639    0.0318945     0.803774     -1.11433      -2.4413 
          80        0.016        0.562      7.89612      80      0.01989   0.00540426    0.0289022     0.688183     -1.66761     -3.23644 
          80        0.025        0.562      7.89612      81     0.022984   0.00743695    0.0273819     0.839387    -0.591358     -1.12557 
          80        0.035        0.562      7.89612      82     0.024089    0.0108888    0.0267176     0.901617    -0.241401    -0.436476 
         200         0.05       0.0562      57.9545      83     0.035802    0.0174588      0.04921     0.727535    -0.767982     -1.33752 
         200        0.075       0.0562      57.9545      84     0.063648    0.0409655    0.0585028      1.08795     0.125598     0.218481 
         200        0.016        0.178      30.3907      85     0.032045    0.0116307    0.0325799     0.983581   -0.0459915   -0.0834632 
         200        0.025        0.178      30.3907      86     0.043979    0.0129167    0.0327546      1.34268     0.868984      1.59514 
         200        0.035        0.178      30.3907      87     0.037349    0.0148262    0.0332582        1.123     0.275917      0.49786 
         200         0.05        0.178      30.3907      88     0.051935    0.0188618    0.0349894      1.48431     0.898408      1.63143 
         200        0.075        0.178      30.3907      89     0.046189    0.0284113     0.039581      1.16695     0.232583     0.408755 
         200       0.0085        0.562      12.4849      90     0.024089   0.00869132    0.0310939     0.774718    -0.805963     -1.53048 
         200        0.016        0.562      12.4849      91     0.020553   0.00853771    0.0282186      0.72835    -0.897851      -1.6216 
         200        0.025        0.562      12.4849      92     0.016354   0.00804992    0.0267158     0.612146      -1.2872     -2.34666 
         200        0.035        0.562      12.4849      93     0.034918    0.0205146    0.0260339      1.34125     0.433064     0.770994 
         200         0.05        0.562      12.4849      94     0.033371    0.0168694    0.0259367      1.28663     0.440695     0.768192 
         200        0.075        0.562      12.4849      95     0.050388    0.0437681    0.0269949      1.86657     0.534477     0.928518 
