          Q2           xp         beta           mx   iData         Data       ErrTot       Theory        Ratio         Pull      PullUnc 
          12       0.0003         0.67      2.43114       0      0.06314   0.00422849    0.0619018         1.02     0.292819      1.02086 
          12        0.001          0.2       6.9282       1      0.03227   0.00177925      0.03034      1.06361      1.08472       3.3175 
          12        0.001         0.32      5.04975       2       0.0365   0.00200318    0.0361821      1.00878     0.158674       0.4485 
          12        0.001          0.5       3.4641       3      0.04438   0.00249596    0.0443062      1.00167    0.0295674    0.0729225 
          15        0.001          0.2      7.74597       4      0.04107   0.00543786    0.0304592      1.34836      1.95128       2.1916 
          15        0.001         0.32      5.64579       5       0.0384    0.0020853    0.0372705      1.03031     0.541643      1.65204 
          15        0.001          0.5      3.87298       6      0.04522   0.00252666    0.0449604      1.00577     0.102726     0.269978 
          20        0.001         0.32       6.5192       7      0.03892   0.00213316     0.038042      1.02308     0.411619      1.17444 
          20        0.001          0.5      4.47214       8      0.04528   0.00251538      0.04557     0.993636    -0.115294    -0.310678 
          20        0.001          0.8      2.23607       9       0.0451   0.00283987    0.0455719     0.989645    -0.166167    -0.389401 
          25        0.001         0.32      7.28869      10      0.05186    0.0128154    0.0379665      1.36594      1.08412      1.11899 
          25        0.001          0.5            5      11      0.04764   0.00268353    0.0458303      1.03949     0.674379      1.84266 
          25        0.001          0.8          2.5      12      0.04499   0.00278502    0.0436908      1.02974     0.466494      1.07471 
          35        0.001          0.5      5.91608      13      0.04718    0.0028087    0.0456163      1.03428     0.556718       1.2663 
          35        0.001          0.8      2.95804      14      0.04344   0.00278897    0.0413901      1.04953     0.735005      1.55158 
          45        0.001          0.8       3.3541      15      0.04048   0.00285463     0.039785      1.01747     0.243455     0.466917 
          12        0.003        0.067      12.9269      16      0.02712   0.00155509    0.0270659        1.002    0.0347993    0.0866759 
          12        0.003         0.11      9.85347      17      0.02698   0.00150678     0.026767      1.00796     0.141368     0.355578 
          12        0.003         0.17       7.6543      18      0.02655   0.00147227    0.0266747     0.995325   -0.0847044    -0.211546 
          12        0.003         0.27        5.696      19      0.02751    0.0015435    0.0285863     0.962349     -0.69732     -1.71572 
          12        0.003         0.43      3.98836      20      0.03388   0.00191624    0.0338027      1.00229     0.040351    0.0974038 
          12        0.003         0.67      2.43114      21      0.04193   0.00242361    0.0407222      1.02966     0.498345      1.09738 
          15        0.003        0.067      14.4527      22      0.03764    0.0058291    0.0276919      1.35924      1.70663      1.86397 
          15        0.003         0.11      11.0165      23       0.0278    0.0015568    0.0285356     0.974221    -0.472524     -1.27165 
          15        0.003         0.17      8.55776      24      0.02732   0.00151053    0.0283788     0.962691     -0.70093     -1.87987 
          15        0.003         0.27      6.36832      25      0.02903    0.0015762    0.0299728     0.968545    -0.598143     -1.57534 
          15        0.003         0.43      4.45912      26      0.03449    0.0018957     0.034684     0.994406    -0.102351    -0.255444 
          15        0.003         0.67       2.7181      27      0.04031   0.00229023    0.0402556      1.00135    0.0237704    0.0543702 
          20        0.003         0.11      12.7208      28      0.02754   0.00157364    0.0300179     0.917452     -1.57465      -3.9457 
          20        0.003         0.17      9.88165      29      0.02996   0.00165378    0.0302778     0.989504    -0.192155    -0.530344 
          20        0.003         0.27      7.35351      30      0.03194   0.00170842    0.0315984      1.01081     0.199959     0.556783 
          20        0.003         0.43      5.14894      31      0.03618   0.00196608    0.0356838      1.01391     0.252402      0.66532 
          20        0.003         0.67      3.13859      32      0.03927   0.00223667    0.0395748     0.992298     -0.13628    -0.322298 
          25        0.003         0.11      14.2223      33      0.03645   0.00775255     0.030091      1.21132     0.820244     0.864447 
          25        0.003         0.17       11.048      34      0.03156   0.00171676    0.0313715      1.00601     0.109773      0.28965 
          25        0.003         0.27      8.22147      35      0.03205   0.00172981     0.032708     0.979884    -0.380363      -1.0687 
          25        0.003         0.43      5.75669      36      0.03706   0.00200364    0.0363693      1.01899     0.344738     0.931908 
          25        0.003         0.67      3.50905      37      0.03909   0.00225268    0.0389318      1.00406    0.0702266     0.168044 
          35        0.003         0.17      13.0722      38      0.03132   0.00179729    0.0320152     0.978286    -0.386801    -0.921657 
          35        0.003         0.27      9.72778      39       0.0333   0.00178178    0.0339819     0.979934      -0.3827     -1.02386 
          35        0.003         0.43      6.81141      40      0.03691   0.00201692    0.0371372     0.993883    -0.112629    -0.287581 
          35        0.003         0.67      4.15196      41      0.03975   0.00237371    0.0381071      1.04311     0.692124      1.66392 
          45        0.003         0.27      11.0303      42      0.03306   0.00184337    0.0345224     0.957639    -0.793327     -1.82732 
          45        0.003         0.43      7.72342      43      0.03872   0.00213522    0.0375526      1.03109     0.546714       1.3298 
          45        0.003         0.67      4.70788      44      0.03844    0.0023571    0.0374793      1.02563     0.407595     0.882542 
          60        0.003         0.43      8.91823      45      0.03776   0.00214967    0.0378196     0.998424   -0.0277208   -0.0586511 
          60        0.003         0.67       5.4362      46      0.03728   0.00233559    0.0367443      1.01458      0.22935     0.461352 
          90        0.003         0.67      6.65795      47      0.03532   0.00279854    0.0356631     0.990378    -0.122614    -0.183272 
          12         0.01         0.02      24.2487      48      0.03014   0.00194421    0.0314622     0.957975    -0.680066     -1.14612 
          12         0.01        0.032      19.0526      49      0.02966   0.00188288     0.029451       1.0071     0.110991     0.189397 
          12         0.01         0.05      15.0997      50      0.02732    0.0017153    0.0266806      1.02396     0.372741     0.642921 
          12         0.01         0.08      11.7473      51      0.02545   0.00159322     0.024118      1.05523     0.836072      1.43788 
          12         0.01         0.13      8.96146      52      0.02165   0.00136807    0.0224965     0.962372    -0.618752     -1.05099 
          12         0.01          0.2       6.9282      53      0.02283   0.00150609    0.0224262      1.01801     0.268124     0.421024 
          12         0.01         0.32      5.04975      54       0.0242   0.00173786    0.0245815     0.984479    -0.219538    -0.310323 
          15         0.01         0.02      27.1109      55      0.03639   0.00584544    0.0328362      1.10823     0.607967     0.675639 
          15         0.01        0.032      21.3014      56      0.03226   0.00198524    0.0320782      1.00567    0.0915903     0.175028 
          15         0.01         0.05      16.8819      57      0.03067   0.00186281    0.0292427      1.04881     0.766204      1.48204 
          15         0.01         0.08      13.1339      58      0.02573   0.00156213    0.0262778     0.979152    -0.350699    -0.673306 
          15         0.01         0.13      10.0192      59      0.02381   0.00142064      0.02422     0.983073    -0.288575    -0.573935 
          15         0.01          0.2      7.74597      60      0.02299   0.00138284    0.0237938     0.966218    -0.581259     -1.14218 
          15         0.01         0.32      5.64579      61      0.02456   0.00148563    0.0255865      0.95988    -0.690975      -1.2742 
          20         0.01        0.032      24.5967      62      0.03445   0.00225325     0.034472     0.999362  -0.00975737   -0.0160759 
          20         0.01         0.05      19.4936      63      0.03209   0.00200479    0.0322248     0.995818   -0.0672145    -0.124973 
          20         0.01         0.08      15.1658      64      0.02971   0.00185348    0.0289261       1.0271     0.422915     0.753827 
          20         0.01         0.13      11.5692      65      0.02658   0.00159878    0.0263465      1.00886     0.146045     0.277792 
          20         0.01          0.2      8.94427      66      0.02542   0.00156328    0.0254617     0.998364   -0.0266542   -0.0484423 
          20         0.01         0.32       6.5192      67      0.02663   0.00158129    0.0267832     0.994282   -0.0968552    -0.190235 
          20         0.01          0.5      4.47214      68       0.0287   0.00179576    0.0302796     0.947833    -0.879631     -1.51202 
          25         0.01        0.032         27.5      69      0.03306   0.00700256    0.0348566     0.948458    -0.256558    -0.274523 
          25         0.01         0.05      21.7945      70      0.03307   0.00205513    0.0340092     0.972384    -0.457002    -0.881932 
          25         0.01         0.08      16.9558      71      0.03202   0.00196734    0.0307533      1.04119     0.643853      1.25096 
          25         0.01         0.13      12.9347      72      0.02889   0.00176584    0.0278648      1.03679      0.58056      1.10195 
          25         0.01          0.2           10      73      0.02686   0.00160891    0.0266581      1.00758     0.125516     0.253302 
          25         0.01         0.32      7.28869      74      0.02769   0.00168773    0.0276415      1.00176    0.0287544    0.0554221 
          25         0.01          0.5            5      75      0.03028   0.00186216    0.0306087     0.989261    -0.176523    -0.320818 
          25         0.01          0.8          2.5      76      0.02928   0.00259966    0.0285595      1.02523     0.277141      0.35391 
          35         0.01         0.05      25.7876      77      0.03551   0.00235279    0.0353809      1.00365    0.0548615     0.090874 
          35         0.01         0.08      20.0624      78      0.03243   0.00208765    0.0331505     0.978266    -0.345117    -0.580441 
          35         0.01         0.13      15.3046      79      0.03161   0.00190816    0.0300147      1.05315     0.836066       1.6081 
          35         0.01          0.2      11.8322      80      0.02963   0.00178298    0.0283323       1.0458     0.727846      1.33707 
          35         0.01         0.32      8.62409      81      0.02729   0.00173908    0.0287566        0.949     -0.84331     -1.65611 
          35         0.01          0.5      5.91608      82      0.03171   0.00195602    0.0309568      1.02433     0.385048     0.668859 
          35         0.01          0.8      2.95804      83       0.0284   0.00194224    0.0270846      1.04857     0.677256      1.07684 
          45         0.01         0.08      22.7486      84      0.03368    0.0022267     0.034324     0.981237    -0.289222     -0.45946 
          45         0.01         0.13      17.3538      85      0.03212   0.00196694     0.031404       1.0228      0.36401     0.658758 
          45         0.01          0.2      13.4164      86      0.02994   0.00183808      0.02946      1.01629     0.261149     0.469718 
          45         0.01         0.32       9.7788      87       0.0291   0.00183168    0.0294896     0.986787    -0.212718    -0.402246 
          45         0.01          0.5       6.7082      88      0.03255   0.00203144     0.031141      1.04525     0.693608      1.17338 
          45         0.01          0.8       3.3541      89      0.02606   0.00181019    0.0260748     0.999432  -0.00818258   -0.0126463 
          60         0.01         0.13      20.0384      90      0.03316   0.00216228    0.0326405      1.01592     0.240276     0.383973 
          60         0.01          0.2      15.4919      91      0.03013    0.0018683    0.0305967     0.984748    -0.249774    -0.465292 
          60         0.01         0.32      11.2916      92      0.03138   0.00191238    0.0302295      1.03806     0.601595      1.10143 
          60         0.01          0.5      7.74597      93      0.03225   0.00210714    0.0312785      1.03106     0.461055     0.835495 
          60         0.01          0.8      3.87298      94      0.02516   0.00168685    0.0249752       1.0074      0.10953     0.186343 
          90         0.01          0.2      18.9737      95      0.03061   0.00225353    0.0317756     0.963316    -0.517252    -0.749563 
          90         0.01         0.32      13.8293      96      0.03095    0.0020427    0.0310776     0.995894   -0.0624754   -0.0958665 
          90         0.01          0.5      9.48683      97      0.03039   0.00196222    0.0313494     0.969396    -0.488938    -0.817856 
          90         0.01          0.8      4.74342      98      0.02396   0.00165965    0.0235261      1.01845     0.261463     0.417143 
         200         0.01         0.32      20.6155      99       0.0321   0.00374182    0.0317332      1.01156    0.0980259     0.167388 
         200         0.01          0.5      14.1421     100       0.0315   0.00365481    0.0311182      1.01227     0.104467     0.189181 
         200         0.01          0.8      7.07107     101       0.0211   0.00261938    0.0209965      1.00493    0.0395243    0.0565172 
         400         0.01          0.8           10     102       0.0196   0.00335813    0.0190924      1.02659     0.151165     0.187969 
          12         0.03       0.0067      42.1787     103      0.03331   0.00767562    0.0408806     0.814813    -0.986311      -1.0365 
          12         0.03        0.011      32.8468     104      0.03641   0.00650038     0.038089     0.955919    -0.258294    -0.276176 
          12         0.03        0.017      26.3416     105      0.03224   0.00582296    0.0346229     0.931177    -0.409219    -0.454387 
          12         0.03        0.027      20.7953     106      0.03637   0.00648305    0.0309959      1.17338     0.828941     0.916515 
          12         0.03        0.043      16.3423     107      0.02906   0.00547185    0.0277111      1.04868     0.246517     0.264688 
          12         0.03        0.067      12.9269     108      0.02413   0.00451985    0.0250346     0.963867    -0.200132     -0.21343 
          15         0.03       0.0067      47.1572     109      0.04792   0.00997542    0.0430019      1.11437     0.493024     0.528967 
          15         0.03        0.011      36.7238     110      0.03531   0.00553455    0.0416141     0.848511     -1.13904     -1.30733 
          15         0.03        0.017      29.4509     111      0.03527   0.00516293    0.0380551     0.926813    -0.539449    -0.628341 
          15         0.03        0.027      23.2499     112      0.03085   0.00465263    0.0339857     0.907734     -0.67397    -0.764742 
          15         0.03        0.043      18.2712     113      0.02592    0.0040625    0.0301961      0.85839     -1.05257      -1.2301 
          15         0.03        0.067      14.4527     114      0.02366   0.00354971    0.0270608     0.874326    -0.958064     -1.08812 
          15         0.03         0.11      11.0165     115      0.02278   0.00357486    0.0243309     0.936257    -0.433838    -0.495842 
          20         0.03        0.011       42.405     116      0.03178   0.00561068    0.0451485       0.7039     -2.38268     -2.68814 
          20         0.03        0.017      34.0069     117      0.03851   0.00609639    0.0421833      0.91292     -0.60254    -0.680688 
          20         0.03        0.027      26.8466     118      0.03118   0.00456071    0.0377375     0.826233     -1.43784     -1.62139 
          20         0.03        0.043      21.0978     119      0.02917   0.00425242    0.0333344     0.875071     -0.97931     -1.10763 
          20         0.03        0.067      16.6885     120      0.02773   0.00405503    0.0296092     0.936532     -0.46343    -0.524143 
          20         0.03         0.11      12.7208     121      0.02288   0.00347535    0.0262994     0.869983    -0.983888     -1.11277 
          25         0.03        0.011      47.4102     122      0.03729     0.010915    0.0462639     0.806028    -0.822163     -0.85875 
          25         0.03        0.017      38.0209     123      0.03875   0.00622405     0.044815     0.864667    -0.974439     -1.09904 
          25         0.03        0.027      30.0154     124      0.03755    0.0055664    0.0404116      0.92919    -0.514076    -0.580715 
          25         0.03        0.043       23.588     125      0.02978   0.00430895    0.0356204     0.836038     -1.35541     -1.49866 
          25         0.03        0.067      18.6584     126      0.02655   0.00418405    0.0314648     0.843801     -1.17465     -1.34572 
          25         0.03         0.11      14.2223     127      0.02491    0.0037591     0.027726     0.898433    -0.749126    -0.864706 
          25         0.03         0.17       11.048     128      0.02562     0.003895    0.0254939      1.00495    0.0323668    0.0372503 
          35         0.03        0.017      44.9869     129      0.05337    0.0108338    0.0472987      1.12836       0.5604     0.599927 
          35         0.03        0.027      35.5147     130      0.04213   0.00639252    0.0440918     0.955507    -0.306883    -0.338482 
          35         0.03        0.043      27.9097     131      0.04063   0.00618738    0.0389952      1.04192     0.264208     0.287828 
          35         0.03        0.067      22.0769     132      0.03063   0.00470467    0.0342411     0.894539    -0.767553    -0.868911 
          35         0.03         0.11       16.828     133      0.02992   0.00459825    0.0298454       1.0025    0.0162294     0.018598 
          35         0.03         0.17      13.0722     134      0.02493   0.00390741    0.0270808      0.92058    -0.550432    -0.624113 
          35         0.03         0.27      9.72778     135       0.0284   0.00442138    0.0258708      1.09776     0.572029     0.659304 
          45         0.03        0.027      40.2699     136      0.05064   0.00916318    0.0460992       1.0985     0.495552     0.528306 
          45         0.03        0.043      31.6467     137      0.04048   0.00628966    0.0412756     0.980724    -0.126501    -0.136875 
          45         0.03        0.067      25.0328     138      0.03804   0.00646311    0.0361956      1.05096     0.285369     0.315577 
          45         0.03         0.11      19.0812     139      0.02427    0.0039952    0.0313371     0.774482     -1.76889     -2.00242 
          45         0.03         0.17      14.8225     140      0.02521   0.00413698    0.0281861     0.894412    -0.719395    -0.828958 
          45         0.03         0.27      11.0303     141      0.02092   0.00342916    0.0266035     0.786362     -1.65741     -1.87566 
          60         0.03        0.043      36.5424     142        0.039   0.00742097    0.0433909     0.898806    -0.591685    -0.636245 
          60         0.03        0.067      28.9054     143      0.03913   0.00632334    0.0382252      1.02367     0.143096     0.156501 
          60         0.03         0.11       22.033     144      0.02613   0.00422006     0.032941     0.793235     -1.61397     -1.78109 
          60         0.03         0.17      17.1155     145      0.02548    0.0043259    0.0293696     0.867564    -0.899142     -1.06449 
          60         0.03         0.27      12.7366     146      0.02165   0.00443614    0.0273704        0.791      -1.2895     -1.44913 
          60         0.03         0.43      8.91823     147      0.02698   0.00474403    0.0272447     0.990284   -0.0558006   -0.0665494 
          90         0.03        0.067      35.4017     148      0.03286    0.0130657    0.0405359     0.810638    -0.587489    -0.599695 
          90         0.03         0.11      26.9848     149      0.03379   0.00657396    0.0349493      0.96683    -0.176343    -0.185538 
          90         0.03         0.17      20.9622     150      0.03622   0.00621656    0.0308696      1.17332     0.860668     0.948596 
          90         0.03         0.27      15.5991     151      0.02668    0.0044977    0.0283205     0.942074    -0.364741    -0.398466 
          90         0.03         0.43      10.9226     152      0.03214    0.0056432     0.027551      1.16656     0.813196     0.884411 
          90         0.03         0.67      6.65795     153      0.02818   0.00735714    0.0246724      1.14216     0.476755     0.507077 
         200         0.03         0.11      40.2266     154       0.0361   0.00587732    0.0372137     0.970073    -0.189491    -0.247238 
         200         0.03         0.17      31.2485     155       0.0331   0.00525217    0.0331091     0.999725  -0.00173515  -0.00227667 
         200         0.03         0.27      23.2538     156       0.0283   0.00434421     0.029778     0.950367    -0.340216     -0.42458 
         200         0.03         0.43      16.2824     157       0.0309   0.00474765    0.0278795      1.10834     0.636207      0.78908 
         200         0.03         0.67      9.92509     158       0.0297   0.00505179    0.0233046      1.27443      1.26596      1.62753 
         400         0.03         0.27      32.8859     159       0.0322   0.00552584    0.0304374      1.05791     0.318977     0.406911 
         400         0.03         0.43      23.0268     160       0.0293   0.00466459    0.0279295      1.04907     0.293802     0.357875 
         400         0.03         0.67      14.0362     161       0.0289   0.00502204    0.0221979      1.30192      1.33453      1.69491 
         800         0.03         0.43      32.5648     162       0.0391   0.00797918    0.0277027      1.41142      1.42839      1.69765 
         800         0.03         0.67      19.8502     163       0.0228   0.00502273    0.0212197      1.07447     0.314623     0.377909 
        1600         0.03         0.67      28.0724     164       0.0214   0.00702497    0.0204333      1.04731     0.137616     0.150448 
