          Q2           xp         beta           mx   iData         Data       ErrTot       Theory        Ratio         Pull      PullUnc 
        15.3         0.05       0.0056      52.1233       0     0.054145   0.00811453     0.052095      1.03935     0.252635     0.536895 
        15.3        0.075       0.0056      52.1233       1     0.065416    0.0134549     0.061295      1.06723     0.306281     0.629964 
        15.3        0.016       0.0178       29.056       2     0.038896   0.00488992    0.0360304      1.07953     0.586017      1.51879 
        15.3        0.025       0.0178       29.056       3     0.036244   0.00430694    0.0372761     0.972311    -0.239646    -0.639179 
        15.3        0.035       0.0178       29.056       4     0.036465     0.004779    0.0387532     0.940955    -0.478801     -1.08094 
        15.3         0.05       0.0178       29.056       5     0.038896   0.00488311    0.0421138     0.923593    -0.658962     -1.62337 
        15.3        0.075       0.0178       29.056       6     0.046631   0.00708055    0.0499085      0.93433    -0.462887     -1.00102 
        15.3         0.09       0.0178       29.056       7     0.051714     0.010362    0.0554648     0.932375    -0.361978    -0.716194 
        15.3       0.0085       0.0562      16.0294       8     0.029614   0.00462396    0.0290565      1.01919     0.120576     0.418373 
        15.3        0.016       0.0562      16.0294       9     0.026962   0.00309171    0.0277774     0.970647    -0.263726     -0.77313 
        15.3        0.025       0.0562      16.0294      10     0.024973   0.00287819    0.0279062     0.894891     -1.01911     -2.60432 
        15.3        0.035       0.0562      16.0294      11     0.026741   0.00376925    0.0291774     0.916498    -0.646376      -1.4695 
        15.3         0.05       0.0562      16.0294      12      0.03094   0.00415461    0.0323354     0.956846     -0.33587    -0.776903 
        15.3        0.075       0.0562      16.0294      13     0.038454   0.00614687    0.0395515     0.972253    -0.178539    -0.369305 
        15.3         0.09       0.0562      16.0294      14     0.035802   0.00746547    0.0446339     0.802126     -1.18303     -2.32105 
        15.3       0.0025        0.178      8.40566      15     0.030056   0.00319415    0.0292814      1.02645     0.242494     0.749893 
        15.3       0.0085        0.178      8.40566      16     0.024531   0.00260699    0.0243846      1.00601     0.056169     0.173698 
        15.3        0.016        0.178      8.40566      17     0.021658   0.00249406    0.0227875     0.950432    -0.452894     -1.32172 
        15.3        0.025        0.178      8.40566      18     0.021437   0.00308417    0.0226137     0.947966    -0.381523    -0.890204 
        15.3        0.035        0.178      8.40566      19     0.025857     0.010347     0.023373      1.10628     0.240074      0.42374 
        15.3         0.05        0.178      8.40566      20     0.029614    0.0102513    0.0255092      1.16091     0.400416     0.721574 
        15.3       0.0009        0.562      3.45314      21      0.03978   0.00757963    0.0479982     0.828781     -1.08425     -2.18986 
        15.3       0.0025        0.562      3.45314      22     0.038233   0.00458334    0.0397726     0.961289    -0.335921     -1.60567 
        15.3       0.0085        0.562      3.45314      23     0.035802   0.00407577    0.0318957      1.12247     0.958409      3.26897 
        15.3        0.016        0.562      3.45314      24     0.033371    0.0128481    0.0288902       1.1551     0.348751     0.609694 
        15.3        0.035        0.562      3.45314      25     0.020774     0.010735    0.0268471      0.77379     -0.56573     -1.00807 
        26.5        0.075       0.0056      68.5977      26     0.079339    0.0247778    0.0698162       1.1364     0.384329     0.706042 
        26.5        0.025       0.0178      38.2396      27     0.039559   0.00658084    0.0435625     0.908097    -0.608362     -1.24611 
        26.5        0.035       0.0178      38.2396      28     0.044642    0.0077914     0.046258     0.965065     -0.20741    -0.420924 
        26.5         0.05       0.0178      38.2396      29      0.05525   0.00814596    0.0500319       1.1043      0.64058      1.38383 
        26.5        0.075       0.0178      38.2396      30     0.055029    0.0113724    0.0580473     0.948003    -0.265407    -0.534538 
        26.5       0.0085       0.0562      21.0957      31     0.034697   0.00653788    0.0335991      1.03268     0.167927     0.471694 
        26.5        0.016       0.0562      21.0957      32      0.03315   0.00408189    0.0331689     0.999429  -0.00464132   -0.0115461 
        26.5        0.025       0.0562      21.0957      33     0.029614   0.00370329    0.0331463     0.893433     -0.95383     -2.15134 
        26.5        0.035       0.0562      21.0957      34     0.034697   0.00536178     0.034241      1.01332    0.0850485     0.177604 
        26.5         0.05       0.0562      21.0957      35     0.040664   0.00581978    0.0372385      1.09199     0.588598       1.3156 
        26.5        0.075       0.0562      21.0957      36     0.046631   0.00723472    0.0443641       1.0511     0.313336     0.638328 
        26.5         0.09       0.0562      21.0957      37     0.052377    0.0105271    0.0494528      1.05913      0.27778     0.551721 
        26.5       0.0025        0.178      11.0624      38     0.030498   0.00399163     0.031848     0.957612    -0.338203    -0.817474 
        26.5       0.0085        0.178      11.0624      39     0.027846   0.00353567    0.0277272      1.00429    0.0336115    0.0842827 
        26.5        0.016        0.178      11.0624      40     0.024973   0.00336228    0.0258102     0.967564     -0.24899    -0.609512 
        26.5        0.025        0.178      11.0624      41     0.020553   0.00294525    0.0254088     0.808894     -1.64868     -3.59245 
        26.5        0.035        0.178      11.0624      42       0.0221   0.00447234     0.026007     0.849772    -0.873589     -1.80395 
        26.5         0.05        0.178      11.0624      43     0.023205    0.0120568    0.0279846     0.829206    -0.396424    -0.697515 
        26.5        0.075        0.178      11.0624      44     0.037349    0.0284064     0.032887      1.13568     0.157076     0.275164 
        26.5       0.0009        0.562      4.54456      45     0.053261    0.0229803    0.0480806      1.10774     0.225427     0.402481 
        26.5       0.0025        0.562      4.54456      46     0.041769   0.00753627    0.0401648      1.03994     0.212861      1.03649 
        26.5       0.0085        0.562      4.54456      47      0.03094   0.00390641    0.0322163     0.960384    -0.326714    -0.955183 
        26.5        0.025        0.562      4.54456      48     0.030056    0.0181922    0.0276238      1.08805     0.133695     0.234978 
          46         0.05       0.0178      50.3812      49     0.069173    0.0131403    0.0565188      1.22389     0.963004      1.88473 
          46        0.075       0.0178      50.3812      50     0.048178    0.0166424    0.0657474     0.732774      -1.0557     -1.91935 
          46        0.016       0.0562       27.794      51     0.036023   0.00654281    0.0372866      0.96611    -0.193133    -0.398619 
          46        0.025       0.0562       27.794      52     0.038012   0.00665438    0.0378749      1.00362    0.0206073    0.0419478 
          46        0.035       0.0562       27.794      53     0.034918   0.00590858    0.0390023     0.895282    -0.691241     -1.37723 
          46         0.05       0.0562       27.794      54     0.043979   0.00721376    0.0419462      1.04846     0.281797      0.59003 
          46        0.075       0.0562       27.794      55     0.046852    0.0081196    0.0490551     0.955089    -0.271331    -0.554166 
          46         0.09       0.0562       27.794      56     0.059007    0.0103727    0.0541795       1.0891     0.465406     0.887534 
          46       0.0085        0.178      14.5749      57     0.026741   0.00407298    0.0305229     0.876097    -0.928527     -2.10242 
          46        0.016        0.178      14.5749      58     0.029393   0.00405964    0.0284753      1.03223     0.226048      0.51285 
          46        0.025        0.178      14.5749      59     0.029835   0.00514288    0.0278999      1.06936     0.376271     0.763067 
          46        0.035        0.178      14.5749      60     0.028509    0.0045173    0.0283656      1.00506    0.0317517    0.0650274 
          46         0.05        0.178      14.5749      61     0.032708   0.00538064    0.0302116      1.08263     0.463961     0.960299 
          46        0.075        0.178      14.5749      62     0.044421   0.00927176    0.0349799       1.2699      1.01826      1.99049 
          46         0.09        0.178      14.5749      63     0.039117    0.0108588    0.0384652      1.01695    0.0600247     0.121967 
          46       0.0025        0.562      5.98753      64     0.043316   0.00618707    0.0400774      1.08081      0.52345      1.43863 
          46       0.0085        0.562      5.98753      65     0.029835   0.00417978    0.0322081     0.926321    -0.567747     -1.53045 
          46        0.016        0.562      5.98753      66     0.027404    0.0041772    0.0291238     0.940949    -0.411711    -0.880073 
          46        0.025        0.562      5.98753      67     0.023426   0.00586235    0.0275652      0.84984    -0.706063     -1.35917 
          46        0.035        0.562      5.98753      68     0.029835   0.00835849    0.0268902      1.10951      0.35231     0.630584 
          46         0.05        0.562      5.98753      69      0.02652    0.0120667    0.0268644      0.98718   -0.0285421   -0.0494758 
          80        0.035       0.0562      36.6536      70     0.050167    0.0173923    0.0429089      1.16915     0.417316     0.761468 
          80         0.05       0.0562      36.6536      71     0.051935    0.0143739    0.0461447      1.12548     0.402837      0.74328 
          80        0.075       0.0562      36.6536      72     0.047736    0.0206119    0.0533963     0.893995    -0.274611    -0.494059 
          80       0.0085        0.178      19.2208      73     0.045526    0.0127262    0.0322706      1.41076      1.04158      1.94107 
          80        0.016        0.178      19.2208      74     0.029393   0.00713548     0.030686     0.957862    -0.181214    -0.338397 
          80        0.025        0.178      19.2208      75     0.032266   0.00729811    0.0300463      1.07387     0.304143     0.573273 
          80        0.035        0.178      19.2208      76     0.035802   0.00932475    0.0304175      1.17702     0.577444      1.07427 
          80         0.05        0.178      19.2208      77     0.032266   0.00896821    0.0321543      1.00347    0.0124519     0.023073 
          80        0.075        0.178      19.2208      78     0.040443    0.0188444     0.036801      1.09896     0.193266     0.346354 
          80       0.0085        0.562      7.89612      79     0.025636   0.00561639    0.0319517     0.802336     -1.12451      -2.4636 
          80        0.016        0.562      7.89612      80      0.01989   0.00540426    0.0288846     0.688603     -1.66435     -3.23011 
          80        0.025        0.562      7.89612      81     0.022984   0.00743695    0.0273152     0.841436    -0.582392      -1.1085 
          80        0.035        0.562      7.89612      82     0.024089    0.0108888    0.0266148     0.905097    -0.231966    -0.419416 
         200         0.05       0.0562      57.9545      83     0.035802    0.0174588    0.0494749      0.72364    -0.783154     -1.36394 
         200        0.075       0.0562      57.9545      84     0.063648    0.0409655    0.0588747      1.08108     0.116521     0.202692 
         200        0.016        0.178      30.3907      85     0.032045    0.0116307    0.0321184     0.997716  -0.00630799   -0.0114474 
         200        0.025        0.178      30.3907      86     0.043979    0.0129167    0.0325003      1.35319     0.888669      1.63128 
         200        0.035        0.178      30.3907      87     0.037349    0.0148262     0.033026       1.1309      0.29158     0.526121 
         200         0.05        0.178      30.3907      88     0.051935    0.0188618    0.0347297       1.4954     0.912173      1.65642 
         200        0.075        0.178      30.3907      89     0.046189    0.0284113    0.0392517      1.17674     0.244175     0.429127 
         200       0.0085        0.562      12.4849      90     0.024089   0.00869132    0.0310877     0.774872    -0.805251     -1.52913 
         200        0.016        0.562      12.4849      91     0.020553   0.00853771    0.0281689     0.729634    -0.892032     -1.61109 
         200        0.025        0.562      12.4849      92     0.016354   0.00804992     0.026625     0.614235     -1.27591     -2.32608 
         200        0.035        0.562      12.4849      93     0.034918    0.0205146    0.0259108      1.34762     0.439061     0.781672 
         200         0.05        0.562      12.4849      94     0.033371    0.0168694    0.0257778      1.29456     0.450118     0.784617 
         200        0.075        0.562      12.4849      95     0.050388    0.0437681    0.0267898      1.88087     0.539164     0.936661 
