0.001	0.128352380386515	0.009085753554236
0.00100693762302564	0.128221328646124	0.00907460411578319
0.00101392337666453	0.128090335377204	0.00906346005690564
0.00102095759482872	0.127959400606814	0.00905232137840729
0.00102804061374681	0.127828524362013	0.00904118808111353
0.00103517277198004	0.12769770666986	0.00903006016587155
0.00104235441043845	0.127566947557415	0.00901893763355017
0.00104958587239719	0.127436247051738	0.00900782048504023
0.00105686750351292	0.127305605179887	0.0089967087212545
0.00106419965184035	0.127175021968922	0.00898560234312785
0.00107158266784884	0.127044497445901	0.00897450135161743
0.00107901690443919	0.126914031637886	0.00896340574770276
0.00108650271696049	0.126783624571933	0.00895231553238585
0.0010940404632271	0.126653276275104	0.00894123070669122
0.00110163050353577	0.126522986774458	0.00893015127166626
0.00110927320068285	0.126392756097053	0.0089190772283811
0.00111696891998164	0.126262584269949	0.00890800857792893
0.00112471802927983	0.126132471320205	0.00889694532142602
0.00113252089897712	0.12600241727488	0.0088858874600119
0.00114037790204289	0.125872422161035	0.00887483499484945
0.00114828941403404	0.125742486005728	0.00886378792712507
0.00115625581311295	0.125612608806653	0.00885274626522921
0.00116427748006554	0.125482790371916	0.00884171005951869
0.00117235479831948	0.125353030672372	0.00883067931307152
0.00118048815396253	0.125223329720979	0.00881965401806948
0.00118867793576096	0.125093687530697	0.00880863416671936
0.00119692453517817	0.124964104114485	0.0087976197512532
0.00120522834639338	0.124834579485303	0.00878661076392846
0.00121358976632048	0.124705113656109	0.00877560719702803
0.00122200919462699	0.124575706639863	0.00876460904286048
0.00123048703375318	0.124446358449524	0.00875361629376028
0.00123902368893131	0.124317069098052	0.00874262894208784
0.00124761956820496	0.124187838598404	0.00873164698022975
0.00125627508244858	0.124058666963541	0.00872067040059887
0.00126499064538712	0.123929554206422	0.00870969919563461
0.00127376667361578	0.123800500340006	0.00869873335780297
0.00128260358661996	0.123671505377252	0.00868777287959673
0.00129150180679527	0.12354256933112	0.00867681775353586
0.00130046175946775	0.123413692214568	0.00866586797216721
0.00130948387291421	0.123284874040556	0.00865492352806515
0.00131856857838265	0.123156114822043	0.00864398441383154
0.00132771631011293	0.123027414571988	0.00863305062209592
0.00133692750535749	0.122898773292551	0.00862212214628274
0.00134620260440228	0.122770190577179	0.00861119901278712
0.00135554205058776	0.122641666273797	0.00860028124103247
0.00136494629033015	0.122513200465008	0.00858936883569549
0.00137441577314271	0.122384793233415	0.00857846180147862
0.00138395095165728	0.122256444661621	0.00856756014311002
0.00139355228164586	0.122128154832228	0.00855666386534389
0.00140322022204244	0.121999923827841	0.00854577297296052
0.00141295523496494	0.121871751731062	0.00853488747076661
0.00142275778573724	0.121743638624493	0.00852400736359515
0.00143262834291148	0.121615584590738	0.00851313265630588
0.00144256737829046	0.121487589712401	0.00850226335378523
0.00145257536695013	0.121359654072083	0.00849139946094668
0.00146265278726237	0.121231777752388	0.0084805409827307
0.0014728001209178	0.121103960835919	0.00846968792410521
0.00148301785294885	0.120976203405279	0.00845884029006544
0.00149330647175291	0.12084850554307	0.00844799808563441
0.00150366646911569	0.120720867331897	0.0084371613158629
0.00151409834023472	0.120593288854361	0.0084263299858296
0.00152460258374302	0.120465770193066	0.00841550410064151
0.00153517970173295	0.120338311430615	0.00840468366543398
0.0015458301997802	0.120210912649611	0.00839386868537082
0.00155655458696793	0.120083573338083	0.00838305915513943
0.00156735337591115	0.119956292753566	0.00837225506347428
0.0015782270827812	0.119829071013248	0.00836145641309253
0.0015891762273304	0.119701908240891	0.0083506632068612
0.00160020133291693	0.119574804560256	0.0083398754476862
0.00161130292652984	0.119447760095106	0.00832909313851235
0.00162248153881423	0.119320774969202	0.0083183162823238
0.00163373770409659	0.119193849306306	0.00830754488214417
0.00164507196041039	0.11906698323018	0.0082967789410368
0.00165648484952178	0.118940176864585	0.00828601846210511
0.00166797691695545	0.118813430333283	0.00827526344849264
0.00167954871202077	0.118686743760037	0.00826451390338354
0.00169120078783798	0.118560117268607	0.0082537698300027
0.00170293370136467	0.118433550982756	0.00824303123161599
0.0017147480134224	0.118307045026245	0.00823229811153062
0.0017266442887235	0.118180599522836	0.0082215704730953
0.00173862309589805	0.118054214596292	0.00821084831970051
0.00175068500752107	0.117927890370373	0.00820013165477899
0.0017628306001399	0.117801626968841	0.00818942048180566
0.00177506045430174	0.117675424515459	0.0081787148042982
0.00178737515458141	0.117549283133987	0.00816801462581713
0.00179977528960931	0.11742320256716	0.00815731995197678
0.00181226145209948	0.117297181548135	0.00814663079227233
0.00182483423887806	0.117171220093018	0.00813594714767573
0.00183749425091168	0.1170453183483	0.00812526901843072
0.0018502420933363	0.116919476460468	0.00811459640481703
0.00186307837548605	0.116793694576012	0.00810392930715041
0.0018760037109224	0.116667972841421	0.00809326772578316
0.00188901871746349	0.116542311403183	0.00808261166110412
0.00190212401721364	0.116416710407787	0.00807196111353909
0.00191532023659309	0.116291170001722	0.00806131608355092
0.00192860800636797	0.116165690331477	0.00805067657163995
0.00194198796168039	0.116040271543541	0.00804004257834405
0.00195546074207887	0.115914913784402	0.00802941410423903
0.00196902699154886	0.11578961720055	0.00801879114993882
0.00198268735854354	0.115664381938473	0.00800817371609578
0.00199644249601483	0.115539208144661	0.00799756180340092
0.00201029306144456	0.115414095965601	0.00798695541258416
0.00202423971687593	0.115289045547783	0.00797635454441464
0.00203828312894515	0.115164057037697	0.00796575919970096
0.00205242396891331	0.115039130581829	0.00795516937929146
0.00206666291269842	0.11491426632667	0.00794458508407451
0.00208100064090781	0.114789464245787	0.00793400631304973
0.00209543783887055	0.11466472253915	0.00792343304776179
0.00210997519667031	0.11454004087874	0.00791286529087715
0.00212461340917827	0.114415419501084	0.00790230305193021
0.00213935317608638	0.114290858642709	0.00789174634051361
0.00215419520194078	0.11416635854014	0.00788119516627865
0.0021691401961755	0.114041919429904	0.00787064953893567
0.00218418887314634	0.113917541548526	0.00786010946825444
0.00219934195216504	0.113793225132534	0.00784957496406452
0.00221460015753364	0.113668970418454	0.00783904603625569
0.00222996421857914	0.113544777642812	0.00782852269477843
0.00224543486968832	0.113420647042134	0.00781800494964422
0.00226101285034286	0.113296578852947	0.00780749281092603
0.00227669890515468	0.113172573311776	0.00779698628875869
0.00229249378390154	0.113048630655149	0.00778648539333941
0.00230839824156288	0.112924751119591	0.00777599013492814
0.00232441303835591	0.112800934941628	0.00776550052384802
0.00234053893977191	0.112677182357788	0.00775501657048581
0.00235677671661289	0.112553493604596	0.00774453828529244
0.00237312714502837	0.112429868918578	0.00773406567878335
0.0023895910065525	0.112306308536262	0.00772359876153905
0.00240616908814144	0.112182812682163	0.00771313754374307
0.00242286218221092	0.112059379615512	0.00770268196075997
0.00243967108667419	0.111936008141136	0.00769223197171828
0.0024565966049801	0.111812698506641	0.00768178759192614
0.00247363954615153	0.111689450959632	0.00767134883674554
0.00249080072482406	0.111566265747714	0.0076609157215929
0.00250808096128489	0.111443143118495	0.00765048826193931
0.00252548108151208	0.111320083319579	0.00764006647331097
0.00254300191721401	0.111197086598572	0.00762965037128955
0.00256064430586914	0.11107415320308	0.00761923997151258
0.00257840909076602	0.110951283380708	0.00760883528967396
0.00259629712104365	0.110828477379063	0.00759843634152413
0.00261430925173202	0.11070573544575	0.00758804314287074
0.00263244634379299	0.110583057828374	0.0075776557095788
0.00265070926416147	0.110460444774542	0.00756727405757138
0.0026690988857868	0.110337896531859	0.0075568982028298
0.00268761608767456	0.11021541334793	0.00754652816139424
0.0027062617549285	0.110092995470363	0.00753616394936401
0.00272503677879292	0.109970643146761	0.00752580558289811
0.0027439420566952	0.109848356624732	0.00751545307821565
0.00276297849228877	0.10972613615188	0.00750510645159631
0.00278214699549623	0.109603981975812	0.00749476571938075
0.00280144848255291	0.109481892931542	0.00748443085081184
0.00282088387605063	0.109359866512722	0.00747410176588261
0.00284045410498179	0.109237903005094	0.00746377847415214
0.0028601601047838	0.109116002773037	0.00745346098783027
0.00288000281738378	0.10899416618093	0.00744314931920294
0.00289998319124358	0.10887239359315	0.00743284348063288
0.00292010218140514	0.108750685374078	0.00742254348456003
0.00294036074953609	0.10862904188809	0.00741224934350213
0.00296075986397577	0.108507463499566	0.00740196107005529
0.0029813004997815	0.108385950572885	0.00739167867689469
0.00300198363877515	0.108264503472426	0.007381402176775
0.00302281026959012	0.108143122562566	0.00737113158253107
0.00304378138771859	0.108021808207684	0.00736086690707853
0.00306489799555905	0.10790056077216	0.00735060816341439
0.0030861611024643	0.107779380620371	0.00734035536461769
0.00310757172478961	0.107658268116697	0.00733010852385003
0.00312913088594135	0.107537223625516	0.00731986765435632
0.00315083961642591	0.107416247511206	0.00730963276946548
0.00317269895389894	0.107295340138147	0.00729940388259087
0.00319470994321495	0.107174501870717	0.00728918100723108
0.00321687363647725	0.107053733073294	0.00727896415697069
0.00323919109308827	0.106933033328152	0.00726875332178436
0.00326166337980014	0.10681239893821	0.00725854839424682
0.00328429157076575	0.106691829720243	0.00724834937619527
0.00330707674759002	0.106571326078833	0.00723815628752275
0.00333001999938168	0.106450888418562	0.00722796914819838
0.00335312242280525	0.106330517144013	0.00721778797826768
0.00337638512213351	0.106210212659767	0.00720761279785328
0.00339980920930027	0.106089975370406	0.0071974436271555
0.00342339580395351	0.105969805680512	0.0071872804864528
0.00344714603350891	0.105849703994668	0.00717712339610261
0.00347106103320374	0.105729670717455	0.0071669723765417
0.00349514194615111	0.105609706253455	0.00715682744828697
0.00351938992339463	0.105489811007251	0.00714668863193604
0.0035438061239634	0.105369985383424	0.00713655594816772
0.00356839171492743	0.105250229786557	0.00712642941774288
0.00359314787145343	0.105130544621231	0.00711630906150496
0.00361807577686097	0.105010930292029	0.00710619490038063
0.00364317662267905	0.104891387203532	0.00709608695538052
0.00366845160870304	0.104771915760323	0.0070859852475998
0.00369390194305204	0.104652516366983	0.00707588979821896
0.00371952884222663	0.104533189428096	0.00706580062850442
0.00374533353116701	0.104413935121433	0.00705571774846312
0.00377131724331156	0.104294749305521	0.00704564095458262
0.00379748122065577	0.104175630699464	0.00703557019252643
0.00382382671381164	0.104056579831391	0.00702550549941041
0.00385035498206746	0.103937597229429	0.00701544691246542
0.00387706729344796	0.103818683421705	0.00700539446903842
0.00390396492477496	0.103699838936346	0.00699534820659325
0.00393104916172839	0.103581064301482	0.00698530816271156
0.00395832129890773	0.103462360045239	0.00697527437509357
0.00398578263989394	0.103343726695745	0.00696524688155907
0.00401343449731168	0.103225164781127	0.00695522572004841
0.00404127819289215	0.103106674829513	0.00694521092862326
0.00406931505753619	0.102988257369031	0.00693520254546769
0.00409754643137796	0.102869912927808	0.0069252006088891
0.00412597366384894	0.102751642033972	0.006915205157319
0.00415459811374246	0.102633445215651	0.00690521622931429
0.00418342114927866	0.102515323000972	0.00689523386355807
0.00421244414816987	0.102397275918062	0.0068852580988606
0.00424166849768645	0.10227930449505	0.00687528897416048
0.00427109559472316	0.102161409260063	0.00686532652852551
0.00430072684586584	0.102043590741228	0.00685537080115377
0.00433056366745872	0.101925849466673	0.00684542183137481
0.00436060748567211	0.101808182015629	0.00683547944376245
0.00439085973657051	0.101690584836351	0.00682554345083628
0.00442132186618132	0.101573058544761	0.00681561388939931
0.00445199533056392	0.10145560375735	0.0068056907963887
0.00448288159587931	0.101338221090605	0.00679577420884596
0.00451398213846012	0.101220911161015	0.00678586416391793
0.00454529844488125	0.101103674585069	0.00677596069885747
0.00457683201203089	0.100986511979257	0.00676606385102461
0.00460858434718206	0.100869423960067	0.00675617365788723
0.0046405569680647	0.100752411143988	0.00674629015702211
0.00467275140293816	0.100635474147508	0.00673641338611582
0.0047051691906643	0.100518613587117	0.00672654338296561
0.004737811880781	0.100401830079303	0.00671668018548049
0.00477068103357629	0.100285124240555	0.00670682383168215
0.00480377822016283	0.100168496687362	0.0066969743597059
0.00483710502255312	0.100051948036214	0.00668713180780174
0.00487066303373505	0.0999354789035978	0.00667729621433541
0.00490445385774805	0.0998190899060031	0.00666746761778929
0.00493847910975978	0.0997027816599188	0.00665764605676357
0.00497274041614331	0.0995865547818337	0.00664783156997727
0.00500723941455491	0.0994704098882367	0.00663802419626937
0.00504197775401223	0.0993543451089916	0.00662822384477928
0.00507695709497326	0.0992383542706085	0.0066184302015006
0.00511217910941556	0.0991224377362447	0.0066086432952441
0.00514764548091626	0.0990065962686637	0.00659886317586805
0.00518335790473252	0.0988908306306292	0.00658908989337804
0.00521931808788256	0.098775141584905	0.00657932349792831
0.00525552774922721	0.0986595298942546	0.00656956403982299
0.00529198861955217	0.0985439963214418	0.00655981156951725
0.00532870244165062	0.0984285416292302	0.00655006613761869
0.00536567097040663	0.0983131665803835	0.00654032779488842
0.00540289597287896	0.0981978719376654	0.00653059659224256
0.00544037922838557	0.0980826584638396	0.00652087258075347
0.00547812252858866	0.0979675269216696	0.00651115581165095
0.00551612767758029	0.0978524780739193	0.00650144633632379
0.00555439649196867	0.0977375126833523	0.00649174420632108
0.00559293080096491	0.0976226315127321	0.00648204947335343
0.00563173244647053	0.0975078353248226	0.00647236218929456
0.00567080328316543	0.0973931248823873	0.00646268240618259
0.00571014517859663	0.0972785009481901	0.00645301017622157
0.00574976001326743	0.0971639642849944	0.00644334555178284
0.00578964968072741	0.0970495156555641	0.00643368858540653
0.00582981608766284	0.0969351546702166	0.00642403925342856
0.00587026115398788	0.0968208732773652	0.00641439702994714
0.00591098681293634	0.0967066705252128	0.00640476186907638
0.00595199501115405	0.0965925473293118	0.00639513384966877
0.00599328770879196	0.0964785046052143	0.00638551305075619
0.00603486687959979	0.0963645432684728	0.00637589955155126
0.0060767345110204	0.0962506642346394	0.00636629343144898
0.00611889260428478	0.0961368684192665	0.00635669477002824
0.00616134317450772	0.0960231567379063	0.00634710364705342
0.00620408825078409	0.0959095301061112	0.00633752014247589
0.00624712987628586	0.0957959894394334	0.00632794433643574
0.00629047010835977	0.0956825356534252	0.0063183763092634
0.00633411101862566	0.0955691696636388	0.00630881614148121
0.00637805469307547	0.0954558923856266	0.00629926391380529
0.00642230323217297	0.0953427047349409	0.00628971970714709
0.00646685875095417	0.0952296076271339	0.0062801836026152
0.00651172337912839	0.0951166019777579	0.00627065568151715
0.00655689926118005	0.0950036887023652	0.0062611360253611
0.00660238855647125	0.094890868716508	0.0062516247158578
0.00664819343934488	0.0947781429357387	0.00624212183492232
0.00669431609922862	0.0946655122756096	0.00623262746467592
0.00674075874073958	0.0945529774521515	0.00622314167351549
0.00678752358378965	0.0944405302433338	0.00621366390286005
0.00683461286369165	0.0943281667480258	0.00620419388723174
0.00688202883126617	0.0942158880790789	0.00619473170990905
0.00692977375294912	0.0941036953493448	0.00618527745435516
0.00697784991090008	0.0939915896716751	0.00617583120421942
0.00702625960311144	0.0938795721589212	0.00616639304333917
0.00707500514351815	0.0937676439239347	0.00615696305574126
0.00712408886210837	0.0936558060795673	0.00614754132564391
0.00717351310503488	0.0935440597386704	0.00613812793745853
0.00722328023472713	0.0934324060140955	0.00612872297579124
0.00727339263000426	0.0933208460186943	0.00611932652544486
0.00732385268618873	0.0932093808653183	0.0061099386714208
0.00737466281522087	0.0930980116668191	0.00610055949892077
0.00742582544577412	0.0929867395360482	0.00609118909334871
0.00747734302337113	0.0928755655858572	0.00608182754031277
0.00752921801050072	0.0927644909290976	0.00607247492562729
0.00758145288673547	0.0926535166786211	0.00606313133531456
0.00763405014885033	0.092542643947279	0.00605379685560716
0.00768701231094192	0.0924318738479231	0.00604447157294965
0.00774034190454872	0.0923212074934048	0.00603515557400094
0.00779404147877209	0.0922106459965757	0.00602584894563615
0.00784811360039805	0.0920995597453704	0.00601653290380079
0.00790256085402005	0.0919871447037853	0.00600718370283782
0.00795738584216245	0.0918736230835376	0.00599780845609195
0.00801259118540498	0.0917592266382374	0.00598841450358986
0.00806817952250793	0.0916441871214947	0.00597900908823753
0.00812415351053831	0.0915287362869197	0.00596959932575643
0.0081805158249969	0.0914131058881222	0.00596019218212964
0.00823726915994605	0.0912975276787125	0.00595079445864631
0.00829441622813852	0.0911822334123005	0.00594141278463432
0.00835195976114714	0.0910674548424964	0.00593205361797404
0.00840990250949534	0.0909534237229101	0.00592272325348562
0.00846824724278865	0.0908403718071516	0.00591342783928314
0.00852699674984707	0.0907285308488312	0.00590417340118826
0.0085861538388384	0.0906181326015587	0.00589496587529469
0.00864572133741246	0.0905094088189443	0.00588581114877271
0.0087057020928362	0.090402591254598	0.00587671510900077
0.00876609897212987	0.0902979116621299	0.00586768370110743
0.008826914862204	0.09019560179515	0.00585872299400298
0.00888815266999743	0.0900958934072683	0.00584983925497534
0.00894981532261625	0.089999018252095	0.00584103903291847
0.0090119057674737	0.08990520808324	0.0058323292502551
0.00907442697243107	0.0898149890470945	0.00582372542157249
0.00913738192593955	0.089729418001234	0.00581525862248412
0.00920077363718305	0.0896481546305988	0.00580692239380136
0.00926460513622212	0.0895707300281009	0.00579870706958087
0.00932887947413869	0.0894966752866524	0.005790603027979
0.00939359972318194	0.0894255214991653	0.00578260044546375
0.00945876897691517	0.0893567997585518	0.00577468908215661
0.00952439035036368	0.0892900411577238	0.00576685809867649
0.00959046698016359	0.0892247767895934	0.00575909590482502
0.00965700202471186	0.0891605377470727	0.00575139004042281
0.0097239986643172	0.0890968551230736	0.00574372708857949
0.0097914601013521	0.0890332600105084	0.00573609262165563
0.00985938956040593	0.0889692835022889	0.00572847118015454
0.00992779028843901	0.0889044566913275	0.00572084628476596
0.00999666555493786	0.0888383106705358	0.00571320048177592
0.0100660186520714	0.0887703765328262	0.00570551542205326
0.0101358528948486	0.0887001853711107	0.00569777197383419
0.0102061716212765	0.0886272682783012	0.00568995036954108
0.0102769781925199	0.0885511563473099	0.00568203038690369
0.0103482759930624	0.0884713806710488	0.00567399156469158
0.0104200684308676	0.0883874723424299	0.00566581345342158
0.0104923589375424	0.0882988796192054	0.00565747322020442
0.0105651509685008	0.0882045447870105	0.00564893373332901
0.0106384480031293	0.0881049984416992	0.00564021364738944
0.0107122535449529	0.0880011696268192	0.00563134632026032
0.0107865711218029	0.087893987385918	0.00562236590681362
0.0108614042859853	0.0877843807625434	0.00561330677266507
0.0109367566144506	0.0876732788002429	0.00560420304139823
0.0110126317089649	0.0875616105425644	0.00559508827659387
0.0110890331962819	0.0874503050330554	0.00558599530019562
0.0111659647283166	0.0873402913152635	0.00557695614887548
0.0112434299823193	0.0872324984327364	0.00556800217012756
0.0113214326610519	0.0871269726619159	0.00555913379300014
0.0113999764929645	0.0870217043136906	0.00555028109364806
0.0114790652323739	0.0869165588339149	0.00554143962162315
0.0115587026596429	0.0868115384617341	0.00553260966982901
0.011638892581361	0.0867066454362935	0.00552379153175083
0.0117196388305265	0.0866018819967381	0.00551498550146031
0.0118009452667294	0.0864972503822134	0.00550619187362059
0.0118828157763362	0.0863927528318644	0.00549741094349149
0.0119652542726756	0.0862883915848364	0.00548864300693457
0.0120482646962254	0.0861841688802746	0.00547988836041862
0.012131851014801	0.0860800869162384	0.00547114729691095
0.012216017223745	0.0859761387747046	0.00546241917827141
0.0123007673461181	0.0858723197842304	0.00545370352605308
0.0123861054328917	0.0857686322769793	0.00544500054930531
0.0124720355631409	0.0856650785851145	0.00543631045752016
0.0125585618442405	0.0855616610407992	0.00542763346063772
0.01264568841206	0.0854583819761969	0.00541896976905162
0.0127334194311627	0.0853552437234706	0.00541031959361465
0.0128217590950035	0.0852522486147839	0.00540168314564454
0.0129107116261303	0.0851493989822999	0.00539306063693001
0.0130002812763852	0.0850466971581819	0.00538445227973699
0.0130904723271081	0.0849441437134185	0.00537585816875631
0.0131812890893412	0.0848417272677541	0.00536727757677859
0.0132727359040351	0.0847394477601814	0.00535871049829493
0.0133648171422562	0.0846373081525302	0.00535015712734034
0.0134575372053959	0.0845353114066307	0.00534161765816241
0.0135509005253805	0.0844334604843127	0.00533309228522353
0.0136449115648836	0.0843317583474063	0.0053245812032035
0.0137395748175391	0.0842302079577413	0.00531608460700214
0.0138348948081558	0.0841288122771478	0.00530760269174204
0.0139308760929342	0.0840275742674557	0.0052991356527715
0.014027523259684	0.083926496890495	0.00529068368566753
0.0141248409280431	0.083825576466449	0.00528224642769855
0.0142228337496991	0.0837248021164316	0.00527382300592114
0.0143215064086109	0.0836241763396749	0.00526541375315552
0.0144208636212332	0.0835237020641727	0.00525701904012499
0.0145209101367416	0.0834233822179189	0.00524863923819923
0.0146216507372595	0.0833232197289074	0.0052402747194012
0.0147230902380873	0.0832232175251321	0.00523192585641402
0.0148252334879317	0.0831233785345869	0.00522359302258831
0.0149280853691381	0.0830237056852658	0.00521527659194956
0.0150316507979239	0.0829242019051626	0.00520697693920558
0.015135934724613	0.0828248698276814	0.00519869441161363
0.0152409421338731	0.0827256979826548	0.00519042798058176
0.0153466780449536	0.0826266817662919	0.00518217718814724
0.0154531475119254	0.0825278247194546	0.00517394233959509
0.0155603556239229	0.082429130383005	0.00516572374077717
0.0156683075053866	0.0823306022978053	0.00515752169811717
0.0157770083163089	0.0822322440047174	0.00514933651861593
0.0158864632524799	0.0821340590446035	0.00514116850985657
0.0159966775457363	0.0820360509583257	0.00513301798000997
0.0161076564642115	0.0819382232867461	0.00512488523784004
0.0162194053125868	0.0818405795707266	0.00511677059270927
0.0163319294323456	0.0817431197416219	0.00510867405736829
0.0164452342020287	0.0816458277375918	0.00510059434153279
0.0165593250374908	0.0815487044607925	0.00509253157217304
0.01667420739216	0.0814517538185733	0.00508448612570414
0.0167898867572983	0.0813549797182834	0.00507645837924296
0.0169063686622637	0.0812583860672721	0.00506844871061846
0.017023658674775	0.0811619767728885	0.00506045749838226
0.0171417624011779	0.081065755742482	0.00505248512181981
0.0172606854867124	0.0809697268834017	0.00504453196096209
0.0173804336157834	0.080873894102997	0.00503659839659755
0.017501012512232	0.080778261308617	0.00502868481028485
0.017622427939609	0.0806828207315019	0.00502079061298213
0.0177446857014505	0.0805875587985954	0.00501291470949703
0.0178677916415558	0.0804924798419966	0.00500505747862928
0.0179917516442656	0.0803975883864951	0.00499721931593656
0.0181165716347446	0.0803028889568807	0.00498940061779757
0.0182422575792635	0.0802083860779432	0.00498160178141875
0.0183688154854852	0.0801140842744722	0.00497382320484129
0.0184962514027511	0.0800199880712575	0.00496606528694803
0.018624571422371	0.0799261019930889	0.00495832842747051
0.0187537816779136	0.0798324305647561	0.00495061302699604
0.0188838883455002	0.0797389772753215	0.00494291939676233
0.0190148976440996	0.0796457238838841	0.00493524597492519
0.0191468158358256	0.0795526658579294	0.00492759244099357
0.019279649226236	0.079459808058345	0.00491995930016911
0.0194134041646343	0.0793671553460181	0.00491234705841697
0.019548087044373	0.0792747125818362	0.00490475622247507
0.0196837043031594	0.0791824846266864	0.00489718729986386
0.019820262423363	0.0790904763414564	0.00488964079889603
0.0199577679323256	0.0789986925870333	0.00488211722868684
0.0200962274026734	0.0789071382243045	0.00487461709916463
0.0202356474526308	0.0788158181141575	0.00486714092108165
0.020376034746337	0.0787247301398917	0.00485968859701839
0.0205173959941645	0.0786338521014933	0.00485225824047022
0.0206597379530399	0.0785431868613038	0.0048448501069147
0.0208030674267667	0.0784527400909654	0.00483746469569351
0.0209473912663507	0.0783625174621199	0.00483010250696154
0.0210927163703273	0.0782725246464093	0.00482276404169656
0.0212390496850915	0.0781827673154756	0.00481544980170912
0.0213863982052296	0.0780932511409607	0.00480816028965269
0.0215347689738538	0.0780039817945065	0.00480089600903413
0.0216841690829388	0.0779149649477551	0.0047936574642243
0.0218346056736605	0.0778262062723483	0.00478644516046902
0.021986085936738	0.0777376910795286	0.0047792578939095
0.0221386171127765	0.0776494031576558	0.00477209436496304
0.0222922064926141	0.0775613489582626	0.00476495519531129
0.0224468614176696	0.0774735349455588	0.00475784100885415
0.0226025892802943	0.0773859675837539	0.00475075243065162
0.0227593975241245	0.0772986533370577	0.00474369008693535
0.0229172936444377	0.0772115986696798	0.00473665460512048
0.0230762851885108	0.07712481004583	0.00472964661381765
0.0232363797559809	0.0770382939297177	0.00472266674284526
0.0233975849992087	0.0769520567855529	0.00471571562324195
0.0235599086236437	0.076866102294776	0.00470879364422581
0.0237233583881931	0.0767804020446834	0.00470189838622374
0.0238879421055927	0.0766949526155475	0.00469502959942795
0.0240536676427797	0.0766097612440942	0.00468818796437117
0.0242205429212695	0.0765248351670495	0.00468137416285282
0.0243885759175337	0.0764401816211396	0.00467458887795245
0.0245577746633819	0.0763558078430905	0.00466783279404358
0.0247281472463452	0.0762717210696281	0.0046611065968078
0.0248997018100629	0.0761879285374785	0.00465441097324919
0.0250724465546721	0.0761044374833677	0.00464774661170917
0.0252463897371991	0.0760212551440218	0.0046411142018817
0.0254215396719543	0.0759383754203023	0.00463451334206933
0.0255979047309298	0.0758557675603529	0.00462794157551737
0.0257754933441993	0.0757734372345486	0.00462139939357689
0.0259543140003214	0.0756913925319479	0.00461488748619792
0.0261343752467449	0.0756096415416093	0.00460840654487191
0.0263156856902175	0.0755281923525913	0.00460195726264817
0.0264982539971976	0.0754470530539523	0.00459554033415076
0.026682088894268	0.0753662317347508	0.0045891564555955
0.0268671991685531	0.0752857364840453	0.0045828063248076
0.0270535936681395	0.0752055753908943	0.00457649064123949
0.027241281302498	0.0751257564135054	0.00457021009558324
0.0274302710429103	0.0750462530647742	0.004563962645444
0.0276205719228972	0.0749670474283782	0.00455774694717163
0.027812193038651	0.0748881489450187	0.00455156383714946
0.0280051435494696	0.0748095670553966	0.0045454141527748
0.0281994326781949	0.0747313112002131	0.00453929873246672
0.0283950697116533	0.0746533908201692	0.0045332184156739
0.0285920640010997	0.0745758153559661	0.00452717404288299
0.0287904249626644	0.0744985942483049	0.00452116645562686
0.0289901620778035	0.0744217369378867	0.00451519649649337
0.0291912848937516	0.0743452528654125	0.00450926500913419
0.0293938030239787	0.0742691449769171	0.00450337228445215
0.0295977261486491	0.0741933702985659	0.00449751472327815
0.0298030640150847	0.0741179277712635	0.0044916923460859
0.0300098264382305	0.0740428279975573	0.00448590617388322
0.030218023301124	0.0739680815799949	0.00448015722988869
0.0304276645553674	0.0738936991211239	0.00447444653955061
0.0306387602216033	0.0738196912234917	0.00446877513056659
0.0308513203899939	0.0737460684896459	0.0044631440329035
0.0310653552207031	0.073672841522134	0.00445755427881789
0.0312808749443821	0.0736000209235036	0.00445200690287681
0.0314978898626585	0.0735276172963021	0.00444650294197896
0.0317164103486289	0.0734556163701052	0.00444104142725479
0.0319364468473544	0.0733839765646403	0.00443561907335238
0.0321580098763599	0.0733127080500906	0.00443023667727916
0.032381110026137	0.0732418227411288	0.00442489517705381
0.0326057579606503	0.073171332552428	0.00441959551242569
0.0328319644178467	0.0731012493986609	0.00441433862488739
0.0330597402101691	0.0730315851945005	0.00440912545768731
0.033289096225073	0.0729623518546196	0.00440395695584256
0.033520043425547	0.0728935612936912	0.00439883406615197
0.0337525928506367	0.072825225426388	0.00439375773720936
0.0339867556159725	0.0727573550922635	0.00438872883736286
0.0342225429143008	0.072689905527575	0.00438374401543748
0.0344599660160192	0.072622857782985	0.00437880195849769
0.0346990362697149	0.0725562254991237	0.004373903854628
0.0349397651027073	0.072490022316621	0.00436905089364786
0.0351821640215945	0.072424261876107	0.00436424426711967
0.0354262446128027	0.0723589578182116	0.00435948516835705
0.0356720185431406	0.072294123783565	0.00435477479243296
0.0359194975603568	0.0722297734127971	0.0043501143361884
0.0361686934937011	0.0721659203465379	0.00434550499824066
0.0364196182544905	0.0721025782254175	0.00434094797899212
0.036672283836678	0.0720397468888201	0.00433644343349558
0.0369267023174264	0.071977363348183	0.00433198669533
0.0371828858576849	0.0719154310583164	0.00432757805675534
0.0374408467027711	0.07185396557598	0.00432321872509259
0.0377005971829559	0.0717929824579338	0.00431890991024105
0.0379621497140529	0.0717324972609378	0.00431465282468935
0.0382255167980121	0.0716725255417519	0.00431044868352659
0.0384907110235171	0.0716130828571359	0.0043062987044533
0.0387577450665873	0.0715541847638499	0.00430220410779231
0.0390266316911834	0.0714958468186537	0.0042981661164995
0.0392973837498175	0.0714380845783074	0.00429418595617446
0.0395700141841678	0.0713808684469118	0.00429026148661598
0.039844536025697	0.0713241445529152	0.00428638881083686
0.0401209623962751	0.0712679295283666	0.00428256932941371
0.0403993065088065	0.0712122408454222	0.00427880450774183
0.0406795816678621	0.071157095976238	0.00427509581314893
0.0409618012703146	0.0711025123929703	0.0042714447148917
0.0412459788059794	0.0710485075677752	0.00426785268415219
0.0415321278582591	0.0709950989728089	0.00426432119403409
0.0418202621047926	0.0709423040802276	0.00426085171955861
0.0421103953181093	0.0708901403621873	0.00425744573766007
0.0424025413662872	0.0708386213614991	0.00425410443708535
0.0426967142136158	0.0707876744205346	0.00425082260382267
0.0429929279212636	0.0707372813223768	0.00424759894317696
0.04329119664795	0.0706874620782832	0.0042444349701292
0.0435915346506225	0.0706382366995114	0.00424133220210348
0.0438939562851379	0.0705896251973188	0.0042382921589663
0.0441984760069483	0.0705416475829628	0.00423531636302582
0.0445051083717926	0.070494323867701	0.00423240633903085
0.0448138680363915	0.0704476740627909	0.00422956361416968
0.045124769759149	0.0704017181794898	0.00422678971806871
0.045437828400857	0.0703564762290553	0.00422408618279075
0.0457530589254061	0.070311940634055	0.00422145261293994
0.0460704764005007	0.0702680216166505	0.00421888285174931
0.0463900959983792	0.0702247299385223	0.00421637776019058
0.0467119329965395	0.0701820880463941	0.00421393901762403
0.0470360027784686	0.0701401183869896	0.00421156830518917
0.0473623208343788	0.0700988434070324	0.00420926730577586
0.0476909027619474	0.0700582855532462	0.00420703770399488
0.0480217642670625	0.0700184672723548	0.00420488118614766
0.0483549211645738	0.0699794110110818	0.00420279944019519
0.0486903893790483	0.0699411392161508	0.00420079415572601
0.049028184945532	0.0699036743342856	0.00419886702392354
0.0493683240103158	0.069866959202444	0.00419701438177034
0.0497108228317072	0.069830928606348	0.00419523194098548
0.0500556977808082	0.0697956080861138	0.00419352147406337
0.0504029653422971	0.0697610232612271	0.00419188476069649
0.0507526421152166	0.0697271997511734	0.0041903235824323
0.0511047448137674	0.0696941631754384	0.00418883972264907
0.0514592902681071	0.0696619391535077	0.00418743496653163
0.0518162954251545	0.0696305533048669	0.00418611110104665
0.0521757773493996	0.0696000312490015	0.00418486991491786
0.0525377532237197	0.0695703986053973	0.00418371319860081
0.0529022403502003	0.0695416703449631	0.00418264204447747
0.0532692561509621	0.0695137339932318	0.00418164918060606
0.0536388181689939	0.0694865752123384	0.00418073380514151
0.0540109440689915	0.0694602227954889	0.0041798979541065
0.0543856516382014	0.0694347055358892	0.00417914366462139
0.0547629587872713	0.0694100522267453	0.00417847297484455
0.0551428835511063	0.0693862916612634	0.00417788792391158
0.0555254440897309	0.0693634526326493	0.00417739055187379
0.055910658689157	0.069341563934109	0.00417698289963547
0.0562985457622578	0.0693206543588486	0.00417666700889042
0.0566891238496484	0.0693007527000741	0.00417644492205737
0.0570824116205714	0.0692818353603086	0.00417631537755579
0.0574784278737896	0.0692637787955446	0.00417627070087389
0.0578771915384847	0.0692466054420206	0.00417631231118546
0.0582787216751617	0.0692303478257648	0.00417644226149549
0.0586830374765605	0.0692150384728053	0.00417666260566708
0.0590901582685726	0.0692007099091704	0.00417697539836205
0.0595001035111657	0.0691873946608882	0.00417738269498161
0.059912892799313	0.0691751252539868	0.00417788655160662
0.0603285458639305	0.0691639342144944	0.00417848902493803
0.0607470825728198	0.0691538540684392	0.00417919217223689
0.0611685229316178	0.0691449169198521	0.00417999802623378
0.0615928870847528	0.0691370199883341	0.00418090061443218
0.0620201953164079	0.0691300907109617	0.00418189573869511
0.0624504680514901	0.0691241657009296	0.00418298567182748
0.0628837258566064	0.0691192815714322	0.00418417268562179
0.0633199894410475	0.0691154749356642	0.00418545905076876
0.0637592796577773	0.0691127824068201	0.00418684703676826
0.0642016175044296	0.0691112405980946	0.00418833891184041
0.0646470241243121	0.0691108861226823	0.00418993694283729
0.0650955208074163	0.0691117555937777	0.00419164339515493
0.0655471289914362	0.0691138856245755	0.00419346053264611
0.0660018702627921	0.0691172883479945	0.00419538921445118
0.0664597663576628	0.0691217971659457	0.00419742001011225
0.0669208391630247	0.0691274070044699	0.00419955266571635
0.0673851107176976	0.0691341590645568	0.00420178957013894
0.0678526032133983	0.0691420945471959	0.0042041331099701
0.0683233389958016	0.0691512546533766	0.00420658566942011
0.0687973405656078	0.0691616805840886	0.00420914963022689
0.0692746305796189	0.0691734135403214	0.0042118273715651
0.0697552318518211	0.0691864947230646	0.00421462126995729
0.0702391673544755	0.0692009653333076	0.00421753369918702
0.070726460219216	0.0692168665720401	0.00422056703021402
0.0712171337381552	0.0692341448675522	0.00422371860090095
0.0717112113649975	0.06925263809853	0.00422697986796001
0.0722087167161602	0.0692723850454654	0.00423035284670649
0.0727096735719025	0.0692934316503178	0.00423383992766624
0.073214105877462	0.0693158238550468	0.00423744349806627
0.0737220377441995	0.0693396076016117	0.00424116594173575
0.0742334934507512	0.069364828831972	0.00424500963900991
0.0747484974441891	0.0693915334880872	0.00424897696663686
0.0752670743411903	0.0694197675119167	0.0042530702976873
0.0757892489292127	0.06944957684542	0.00425729200146763
0.0763150461676803	0.0694810036562186	0.00426164425883874
0.0768444911891764	0.0695138790240959	0.00426611889600674
0.0773776093006444	0.069548128449688	0.00427071227201589
0.0779144259845979	0.0695838034175193	0.00427542688664845
0.0784549669003385	0.0696209554121143	0.00428026523324605
0.0789992578851825	0.0696596359179975	0.00428522979862574
0.0795473249556956	0.0696998964196934	0.00429032306300269
0.0800991943089367	0.0697417884017265	0.00429554749991948
0.08065489232371	0.0697853633486211	0.00430090557618223
0.0812144455618258	0.0698306727449019	0.00430639975180363
0.0817778807693706	0.0698777680750933	0.00431203247995287
0.0823452248779846	0.0699266507286171	0.00431780387255505
0.08291650500615	0.0699770865163375	0.00432370303606419
0.0834917484604867	0.0700290863429738	0.00432973045892725
0.0840709827370575	0.0700827072264339	0.00433588876886855
0.0846542355226827	0.0701380061846255	0.00434218058619777
0.0852415346962633	0.0701950402354564	0.00434860852374578
0.0858329083301134	0.0702538663968345	0.00435517518680956
0.0864283846913024	0.0703145416866676	0.00436188317310588
0.0870279922430061	0.0703771231228635	0.00436873507273417
0.0876317596458668	0.07044166772333	0.00437573346814842
0.0882397157593638	0.0705082325059749	0.00438288093413837
0.0888518896431923	0.0705761573651446	0.0043902269239962
0.089468310558653	0.0706446188303989	0.0043978250182778
0.0900890079700502	0.0707141105008213	0.00440563731964601
0.0907140115461007	0.0707851420696136	0.00441362364088019
0.0913433511613516	0.0708582232299773	0.00442174250365538
0.0919770568976081	0.0709338636751141	0.00442995113845041
0.0926151590453721	0.0710125730982257	0.00443820556468885
0.093257688105289	0.0710948611925137	0.0044464607496351
0.0939046747896067	0.0711812376511798	0.00445467084460064
0.0945561500236428	0.0712722121674257	0.00446278949711511
0.0952121449472631	0.0713683404477822	0.00447076645119909
0.0958726909163702	0.0714708604287266	0.00447849634107781
0.0965378195044022	0.0715793902885563	0.00448601028714507
0.0972075625038416	0.0716929248614427	0.00449339269333367
0.097881951927735	0.071810458981557	0.00450072867610024
0.0985610200112239	0.0719309874830705	0.00450810325082155
0.0992447992130848	0.0720535052001546	0.00451560083687156
0.099933322217281	0.0721770069669804	0.00452330507789711
0.100626621934524	0.0723004876177192	0.00453129897413274
0.10132473150385	0.0724229419865425	0.00453966532342419
0.102027684294199	0.0725433649076213	0.004548487466987
0.102735513906011	0.0726610949913084	0.00455790495076166
0.103448254172837	0.0727775061642502	0.00456810002958175
0.104165939162949	0.0728939506981229	0.00457888949082558
0.104888603180974	0.0730116886583762	0.00459005530706927
0.10561628076953	0.07313198011046	0.00460137522009225
0.10634900671088	0.0732559866583972	0.00461263890072169
0.107086816028592	0.0733829014038506	0.0046239741077726
0.107829743989215	0.0735122630179726	0.00463547098704303
0.108577826103964	0.073644148766352	0.00464713162174538
0.109331098130417	0.0737786359145775	0.00465895808083576
0.110089596074226	0.0739158017282378	0.00467095241936184
0.110853356190834	0.0740555938864193	0.00468311320667302
0.111622414987214	0.0741979424678052	0.00469543833432963
0.112396809223607	0.0743429282624544	0.00470792961186778
0.113176575915286	0.0744906322502951	0.00472058884141434
0.113961752334319	0.0746411354112554	0.0047334178130798
0.114752376011357	0.0747944582041949	0.00474641671264044
0.115548484737421	0.0749504704934284	0.00475958194639842
0.116350116565713	0.0751092374223309	0.00477291527342348
0.117157309813436	0.075270842563206	0.00478641892968837
0.11797010306362	0.0754353694883571	0.00480009513439217
0.118788535166972	0.0756028856128689	0.00481394568207967
0.119612645243729	0.0757732572667041	0.00482796710230003
0.120442472685531	0.0759465031817145	0.00484215940398455
0.121278057157299	0.0761227113299228	0.00485652428946293
0.122119438599139	0.0763019696833524	0.00487106344780291
0.122966657228243	0.0764843662043747	0.00488577855528859
0.123819753540817	0.0766698293025703	0.00490066819503683
0.124678768314011	0.0768582933563498	0.00491573078158403
0.125543742607875	0.0770498479395678	0.00493096758043039
0.126414717767317	0.0772445826260785	0.00494637984403558
0.12729173542408	0.0774425869897364	0.00496196881260265
0.128174837498733	0.0776438739826987	0.00497773464478403
0.129064066202672	0.077848304394837	0.00499367516857474
0.129959464040143	0.0780559553411511	0.00500979101112792
0.130861073810269	0.0782669195445688	0.00502608299540057
0.131768938609095	0.0784812897280178	0.00504255192959585
0.132683101831655	0.0786991356991714	0.00505919832472954
0.133603607174036	0.0789203066986965	0.00507602005110512
0.134530498635476	0.0791448319908636	0.00509301739199834
0.135463820520461	0.0793728069384174	0.00511019146012533
0.136403617440845	0.0796043269041031	0.0051275433602937
0.137349934317984	0.0798394867800654	0.00514507418499677
0.138302816384879	0.0800781939223651	0.00516278278245422
0.139262309188343	0.0803203920725764	0.00518066815544163
0.140228458591172	0.0805661793911828	0.00519873102092085
0.141201310774345	0.0808156540386677	0.00521697208426853
0.142180912239224	0.0810689141755146	0.00523539204058198
0.143167309809783	0.0813259639461731	0.00525399094579161
0.144160550634838	0.0815866591460591	0.0052727675951477
0.145160682190312	0.0818510862553936	0.00529172207229371
0.146167752281494	0.0821193441189745	0.00531085453213039
0.147181809045329	0.0823915315815998	0.00533016512532233
0.148202900952718	0.0826677171127831	0.00534965389342552
0.149231076810835	0.0829477384290824	0.00536932008701483
0.15026638576546	0.0832316351058613	0.00538916369141279
0.151308877303327	0.0835195068896717	0.0054091849002617
0.152358601254491	0.0838114535270649	0.00542938390346368
0.153415607794709	0.0841075730745508	0.00544976089828847
0.154479947447839	0.0844077550024418	0.00547031688064514
0.155551671088253	0.0847119553098391	0.005491051265962
0.156630829943273	0.0850202766755623	0.00551196240436981
0.157717475595613	0.0853328217784309	0.00553304864894295
0.158811659985852	0.0856496932972644	0.00555430835732086
0.15991343541491	0.0859708846714776	0.00557574082562303
0.161022854546555	0.0862962549684232	0.00559734730840992
0.162139970409912	0.0866258956950078	0.00561912778967917
0.163264836402005	0.0869599071777378	0.00564108219452255
0.164397506290306	0.0872983897431198	0.00566321045400749
0.165538034215304	0.0876414061255782	0.0056855128263615
0.166686474693096	0.0879887907277796	0.00570799085180088
0.167842882617991	0.0883405917953997	0.00573064314908786
0.169007313265132	0.0886969093216006	0.00575346781662071
0.170179822293143	0.0890578432995447	0.00577646296432509
0.171360465746784	0.0894234901784147	0.00579962678992929
0.172549300059634	0.089793730259051	0.00582296193529146
0.173746382056786	0.0901685326953479	0.00584646887730756
0.174951768957566	0.0905479966113287	0.00587014532394356
0.176165518378263	0.0909322211310167	0.00589398900115835
0.177387688334889	0.0913213053784353	0.00591799765532322
0.178618337245947	0.0917152316159994	0.00594217181446787
0.179857523935227	0.0921138738921923	0.00596651453606302
0.181105307634616	0.0925173216329583	0.00599102377801346
0.182361747986928	0.0929256696352615	0.00601569739716338
0.183626905048759	0.0933390126960658	0.00604053327924389
0.184900839293353	0.0937574034997748	0.0060655306602475
0.186183611613496	0.0941806875752535	0.00609069468668911
0.187475283324423	0.0946089159245997	0.00611602316121283
0.188775916166754	0.0950421799747099	0.00614151258133222
0.19008557230944	0.0954805711524807	0.0061671594734053
0.191404314352737	0.0959241755003065	0.00619296064714829
0.192732205331198	0.0963728802971565	0.00621892195785621
0.194069308716687	0.0968266670382324	0.00624504407435875
0.195415688421411	0.0972856191102076	0.00627132280163835
0.196771408800976	0.0977498198997557	0.00629775399035981
0.198136534657462	0.0982193527935501	0.00632433354005568
0.199511131242523	0.0986941930608419	0.00635106372281313
0.200895264260503	0.0991742442315001	0.00637795044707189
0.20228899987158	0.0996595814329362	0.00640498919922186
0.203692404694924	0.1001502822845	0.00643217536219024
0.205105545811884	0.100646424405543	0.00645950436727048
0.206528490769196	0.101148046808492	0.00648697459094696
0.207961307582209	0.101655030966601	0.0065145955587596
0.209404064738134	0.10216741676541	0.00654236397067793
0.210856831199325	0.102685269662368	0.00657027460874355
0.212319676406568	0.103208655114921	0.0065983223171773
0.213792670282404	0.103737632825613	0.00662650259698947
0.215275883234469	0.104272119523062	0.00665482517650726
0.216769386158862	0.104812108184692	0.00668329065062494
0.218273250443533	0.105357654719562	0.00671189300835359
0.219787547971692	0.105908815036734	0.00674062631017559
0.221312351125251	0.106465645045266	0.00676948469184462
0.222847732788277	0.107028130027008	0.00679847333085149
0.224393766350482	0.10759621566931	0.00682760063341343
0.225950525710726	0.10816993789026	0.00685685916273109
0.227518085280554	0.108749333234975	0.00688624145625341
0.229096519987746	0.109334438248573	0.00691574013286041
0.230685905279909	0.109925271013646	0.00694535320075691
0.23228631712807	0.110521783787363	0.00697509557874607
0.23389783203032	0.111123989088701	0.00700496224783116
0.235520527015462	0.111731907631943	0.00703494578149724
0.237154479646697	0.112345560131368	0.00706503883937491
0.238799768025328	0.11296496599033	0.00709523545229273
0.2404564707945	0.113590115477324	0.00712555146168467
0.242124667142949	0.114220999120257	0.00715598657052449
0.243804436808796	0.114857614490663	0.00718653151743043
0.245495860083355	0.115499959160078	0.00721717714430609
0.24719901781497	0.116148030700038	0.00724791440063416
0.24891399141288	0.11680184877715	0.00727875166284376
0.250640862851111	0.117461419658147	0.00730970018394514
0.252379714672395	0.118126713685477	0.00734075067745271
0.254130629992112	0.118797701148602	0.00737189392508108
0.255893692502267	0.119474352336986	0.00740312081592873
0.257668986475487	0.120156668117397	0.00743443099542587
0.259456596769054	0.120844715586638	0.00746584527276599
0.261256608828955	0.121538446829676	0.00749735480776527
0.263069108693969	0.122237803508685	0.00752894803424936
0.26489418299978	0.122942727285838	0.00756061349779181
0.266731918983118	0.123653173760184	0.00759234230109819
0.26858240448593	0.124369268515988	0.00762415730388342
0.270445727959575	0.125090979980235	0.00765605802103367
0.272321978469054	0.125818210646969	0.00768803302675152
0.274211245697271	0.126550863010231	0.00772007101051061
0.276113619949311	0.12728883956459	0.0077521607814813
0.278029192156765	0.128032245640608	0.00778431695555574
0.279958053882074	0.12878115805306	0.00781655225752492
0.281900297322901	0.129535438503698	0.00784885308397504
0.283856015316544	0.130294948694271	0.00788120594788624
0.285825301344372	0.131059550326531	0.00791359748332278
0.28780824953629	0.131829237286032	0.00794602793107216
0.289804954675244	0.132604253910621	0.0079785249617165
0.291815512201745	0.133384441879506	0.00801107719741402
0.293840018218436	0.13416961360062	0.0080436704432838
0.295878569494684	0.134959581481897	0.00807629061448957
0.297931263471206	0.135754208154477	0.00810892797880963
0.299998198264723	0.136553841767345	0.00814161447107182
0.302079472672656	0.137358396193921	0.00817434665344122
0.304175186177845	0.138167629163863	0.00820710814045363
0.306285438953302	0.138981298406827	0.00823988265296997
0.308410331867004	0.139799162694972	0.00827265409808066
0.310549966486711	0.140621499512928	0.0083054444219489
0.312704445084823	0.14144845404978	0.0083382684954571
0.314873870643265	0.142279716303726	0.00837110908200127
0.317058346858414	0.143114976272967	0.00840394902648101
0.319257978146051	0.143953923955702	0.00843677126013354
0.321472869646358	0.144796568751271	0.00846957894293125
0.323703127228937	0.1456434079395	0.00850240696101072
0.325948857497874	0.146494107115776	0.0085352386971438
0.328210167796833	0.14734828630404	0.00856805474549262
0.330487166214192	0.148205565528232	0.00860083576792303
0.3327799615882	0.14906568931209	0.00863356958197917
0.335088663512187	0.149929352223482	0.00866629899663809
0.337413382339802	0.15079635347189	0.00869901754011614
0.339754229190283	0.151666227913339	0.00873170388438839
0.342111315953774	0.152538510403847	0.00876433673497126
0.344484755296668	0.153412743270219	0.00879689521842987
0.346874660666998	0.154289498790184	0.00882941163580779
0.349281146299854	0.155168980181776	0.00886190121710113
0.351704327222848	0.156050628440887	0.00889434061136834
0.354144319261608	0.156933884563404	0.0089267064530202
0.356601239045319	0.157818189545218	0.00895897536797791
0.359075204012293	0.158703624119051	0.00899115444079878
0.361566332415587	0.159591022664775	0.009023287598166
0.364074743328651	0.160479775140324	0.00905535080242942
0.366600556651024	0.161369214978864	0.00908731727594852
0.36914389311406	0.162258675613563	0.00911916018358404
0.371704874286705	0.163147753636449	0.00915086429946716
0.3742836225813	0.164037651588005	0.00918248670110398
0.376880261259442	0.164927971693418	0.00921401551418141
0.379494914437867	0.165817929322366	0.00924542176907359
0.382127707094386	0.166706739844527	0.00927667637621938
0.384778765073861	0.167593615434285	0.00930775312916434
0.387448215094217	0.168477945728654	0.00933879672013061
0.390136184752499	0.169360402073453	0.00936979055506428
0.392842802530975	0.17024201181504	0.00940058686054925
0.395568197803273	0.171123802299774	0.00943104529326088
0.398312500840566	0.172006800874014	0.00946103364515257
0.4010758428178	0.17289335836488	0.00949040924403269
0.403858355819963	0.173784288525994	0.00951922924053427
0.406660172848398	0.174675642573071	0.0095477471457164
0.409481427827164	0.175563376915238	0.00957619787146545
0.412322255609432	0.176443447961624	0.00960479341903036
0.415182791983933	0.177311226095063	0.00963367809677052
0.418063173681453	0.178163756313307	0.00966259534634774
0.420963538381359	0.179008245235098	0.00969129432671468
0.423884024718191	0.179849865186248	0.00971967013716622
0.426824772288279	0.180685859713308	0.00974778171888308
0.429785921656422	0.181514927416459	0.0097755921723007
0.432767614362603	0.182337289511298	0.00980311495883438
0.435769992928759	0.183152366742561	0.00983033036547301
0.438793200865586	0.183959120598827	0.00985720037196636
0.441837382679408	0.184758015183757	0.00988374599080059
0.444902683879075	0.185547887060934	0.0099099335055955
0.447989250982926	0.186328264262997	0.00993575305926432
0.451097231525787	0.187099265765253	0.00996121082474712
0.454226774066025	0.187859410192337	0.0099862527738823
0.457378028192649	0.188608995266178	0.0100108905999836
0.460551144532463	0.189347280409776	0.0100351072409906
0.463746274757258	0.190073053930639	0.0100588695291342
0.466963571591071	0.190786872065325	0.0100822007132349
0.470203188817479	0.191487278695416	0.0101050460464278
0.47346528128695	0.192173751865185	0.0101273852294746
0.47675000492425	0.192846388566945	0.0101492292626874
0.480057516735889	0.193503417160173	0.0101705248434288
0.48338797481763	0.194145243679678	0.0101912912335083
0.486741538362045	0.194770903273485	0.0102114955576903
0.490118367666123	0.195378965214521	0.0102310884204995
0.493518624138935	0.195970089278494	0.0102500972605086
0.496942470309346	0.196542507783623	0.0102684652407172
0.500390069833785	0.197095678219049	0.0102861784574508
0.503861587504068	0.197629642733863	0.0103032408300551
0.507357189255274	0.198142290375823	0.0103195774819372
0.510877042173678	0.198634144578855	0.0103352088691907
0.514421314504735	0.19910400002398	0.0103501004226871
0.517990175661126	0.19955022225749	0.010364202642993
0.521583796230851	0.199973575199069	0.0103775462378521
0.525202347985385	0.200371917261896	0.0103900532898776
0.528846003887891	0.200744689209508	0.0104017044686529
0.532514938101484	0.20109186229131	0.0104125052613834
0.536209325997557	0.201410976530634	0.0104223732013108
0.539929344164163	0.201702695547629	0.0104313375483924
0.543675170414458	0.201965525175763	0.0104393472054509
0.547446983795197	0.202197611713856	0.0104463380616719
0.551244964595294	0.202399824419679	0.0104523475468938
0.555069294354441	0.202569630477347	0.0104572862570377
0.558920155871783	0.202706489249533	0.0104611395226676
0.562797733214656	0.202810261551681	0.0104639076347972
0.566702211727387	0.202878116464345	0.0104654889206754
0.570633778040151	0.202910868634734	0.0104659206449514
0.574592620077893	0.202906714322369	0.0104651411762211
0.578578927069311	0.202863599361339	0.0104630798751725
0.5825928895559	0.202782488989639	0.0104597814754954
0.586634699401059	0.202660432775579	0.0104551349733811
0.590704549799267	0.202496930117484	0.0104491286233407
0.594802635285307	0.202291707001535	0.010441760210204
0.598929151743577	0.202041590764734	0.0104329100448878
0.603084296417443	0.201747554232182	0.0104226286624028
0.607268267918674	0.201407464564065	0.0104108372344949
0.61148126623693	0.201019090384661	0.0103974540751805
0.615723492749326	0.200583475531844	0.0103825352910805
0.619995150230054	0.200097271856364	0.0103659476811111
0.624296442860078	0.199560059095731	0.0103476866044903
0.628627576236892	0.1989713949153	0.0103277469220065
0.632988757384349	0.198327805474645	0.0103059910330784
0.637380194762553	0.197630405845704	0.0102824885850855
0.641802098277827	0.196876767921124	0.0102571379410982
0.646254679292747	0.196064551492251	0.0102298442682952
0.650738150636239	0.195194843117778	0.0102006799320694
0.655252726613759	0.194263969654499	0.0101694852855989
0.659798623017531	0.193271615085469	0.0101362708296013
0.664376057136866	0.192217166646765	0.0101010231116842
0.668985247768546	0.191096981796045	0.0100635721035843
0.673626415227282	0.189912279578997	0.010024011913166
0.678299781356245	0.188660418898881	0.00998221944772357
0.683005569537673	0.187337415030342	0.00993801971884827
0.68774400470354	0.185944518723113	0.00989150852525703
0.692515313346321	0.184487677757964	0.00984292712354511
0.697319723529804	0.182969637717957	0.00979247346878133
0.702157464900001	0.181387727550407	0.0097400534555879
0.70702876869612	0.179732167269149	0.00968512228493904
0.711933867761619	0.177964949804391	0.00962603261051653
0.716872996555338	0.176126757093639	0.00956459067347983
0.721846391162704	0.174209074466224	0.00950042278333487
0.726854289307013	0.172210641752891	0.00943346449910017
0.731896930360798	0.170130234301568	0.00936364924900197
0.736974555357268	0.167966604748933	0.00929089686826411
0.742087407001829	0.165718386403822	0.00921514148008565
0.747235729683686	0.163384469586018	0.00913630850424134
0.752419769487524	0.160963775550213	0.00905432158517955
0.757639774205271	0.158455158169504	0.00896909530003828
0.762895993347942	0.155857443803877	0.00888051851551123
0.768188678157565	0.153169764021216	0.00878851279203435
0.77351808161919	0.150391275501059	0.00869298881109874
0.778884458472985	0.147521054567487	0.00859382026800161
0.784288065226404	0.144558262054898	0.00849088097819855
0.789729160166457	0.14150234249278	0.00838405253634119
0.795208003372051	0.138352783088929	0.00827320932235851
0.800724856726422	0.135109044141659	0.00815820005007816
0.806279983929654	0.13177087166804	0.00803883782333767
0.811873650511281	0.12833809651069	0.00791496938553877
0.817506123842982	0.124810720014563	0.00778642124443576
0.823177673151361	0.121189013177051	0.00765296529303757
0.828888569530813	0.117473309603326	0.00751436248664545
0.834639085956484	0.113664265516122	0.00737036402041015
0.840429497297318	0.109762692402225	0.00722071388793657
0.8462600803292	0.105769643430905	0.00706512810037886
0.852131113748175	0.101686859722295	0.00690322444687484
0.858042878183783	0.0975161212715936	0.00673465360300272
0.863995656212462	0.0932594759356443	0.0065590448352969
0.869989732371058	0.0889194563977028	0.00637597096747976
0.87602539317043	0.0844997446351858	0.00618488868557051
0.882102927109139	0.0800040210474656	0.00598527385354029
0.888222624687241	0.0754363747412308	0.00577657577859535
0.894384778420169	0.0708016680942123	0.00555817569517314
0.900589682852724	0.0661068683048065	0.00532928359889729
0.90683763457314	0.0613589800640281	0.00508912397146116
0.913128932227277	0.0565657255073664	0.00483688861832539
0.919463876532879	0.0517361616575818	0.00457168211378128
0.925842770293963	0.0468833762455596	0.00429235027139708
0.932265918415281	0.0420208395568204	0.00399778561825699
0.938733627916903	0.0371636560606851	0.00368682735080603
0.945246207948886	0.0323296623955459	0.0033581861528632
0.951803969806057	0.0275455826925955	0.00301029437104178
0.958407226942883	0.0228415256531657	0.00264172249887207
0.965056294988466	0.0182533370304027	0.002251118447096
0.971751491761621	0.0138247482868001	0.00183708770197414
0.978493137286072	0.00945859749447476	0.00137551433824607
0.985281553805744	0.00642562827045706	0.00102257669472845
0.992117065800169	0.00473046844809617	7.93725913818458E-4
0.999	0.00329074086261073	5.87853583113188E-4